13.0209796540
106.3480540278
127.6991346608
139.3832757620
95.7562490614
247.7514945762
70.6934381491
225.0000000000
289.0000000000
90.8489604568
45.2170273559
98.0280869047
21.4856256782
107.7832285929
85.3149365587
16.4236974930
19.6822113626
70.3164245162
242.0000000000
228.4327452265
105.0901824525
110.6160442240
166.1912516032
17.8625360861
16.6130942431
120.7193801599
62.6628221812
21.8347585644
83.0000000000
22.0127389632
17.3766234288
141.0859152960
18.7229868470
186.0000000000
16.7790801120
166.1912516032
16.3595937326
24.3506474027
123.2290482334
21.4001210955
106.3829829001
64.1600837130
238.0000000000
123.0255909721
116.3052962875
13.5226238112
189.3112456579
50.5586338404
16.4705453114
19.2851806130
101.0138758334
195.0000000000
19.6405989860
116.6556540946
71.2490174605
145.5941268650
108.1154813467
62.8998418943
75.2564770774
178.0000000000
105.0931772432
147.6337643312
181.1521294452
117.3636958442
70.8487844831
187.0000000000
17.3204003639
72.1753191510
120.7193801599
103.0114942938
137.3408507461
185.6046914313
128.3113619108
131.2354625203
62.5015274639
20.5969977613
34.6371245745
142.4497936170
125.9342805757
101.3121879317
111.2707519454
18.2520541933
24.0979647065
147.6337643312
105.3842604263
141.4058274009
18.0284885609
128.2100018286
61.2481410808
0.0000000001
10.1687524257
118.0605216073
16.4831324833
87.5802214503
19.5984291172
81.7391925288
110.0809217729
11.6218666439
17.6518333365
202.8552504257
18.8517706511
18.3439774707
17.4360873040
11.3891644546
65.3527495648
185.0000000000
65.5925396486
136.0000000000
85.4078687532
82.2913766428
17.5822941359
18.0979726496
150.0000000000
0.0000000001
19.9987104871
116.0000000000
150.0000000000
100.5503796465
59.2614571368
83.0000000000
67.6439683984
128.3928757014
137.3408507461
17.7524855907
160.3699378610
85.0693501607
94.2780778980
99.8688473843
97.4867907024
106.8561708506
180.8392152056
293.0000000000
83.2189561942
0.0000000001
91.3079356740
113.5663154483
86.0929113408
23.8867061588
140.0000000000
19.7792123280
45.8547811087
189.5063538813
159.9805653618
132.6007483463
77.5504715635
16.4708550628
112.5333161116
134.5454198666
95.2889709673
252.4337198790
86.9251879051
93.5113546518
132.4820801468
70.5595943797
77.0000000000
21.3571757111
170.6427416147
133.2517834232
33.8195311822
129.3509431183
178.0000000000
121.5001960877
124.8694456308
14.1421356238
53.0000000000
260.0000000000
103.4582510279
63.6237326574
13.2810783217
168.0000000000
70.4453713467
57.0066629036
100.0119241326
65.6422469683
19.9572620386
109.4179126786
18.3918538471
10.4917320575
104.3647623752
85.0693501607
15.9625433062
126.4475673702
245.6158344732
80.0585243047
107.5426804024
96.9441659552
110.3301862594
88.6440934088
83.3078971737
281.0000000000
102.0305071381
59.1473859075
212.0000000000
135.3328252469
108.6755300913
80.0754892403
43.9175248071
86.9295889991
198.2229482461
166.1912516032
147.9680504177
19.2251644528
105.8778045234
17.0674346757
33.8195311822
104.0256808272
154.0000000000
37.2234933248
17.6471898871
87.5843435376
20.3487484807
64.2009552083
64.9999875708
160.3661706968
33.8195311822
111.6558674669
200.7713595598
116.0000000000
160.3699378610
80.1365162573
113.7096928969
17.7030678279
110.9840949644
26.9058206162
0.0000000001
131.5622605505
87.5960823651
0.0000000001
108.3303548044
12.0000000001
7.2068139323
83.3078971737
105.3383433805
92.6486151205
134.8874553225
18.6742110797
77.6641509102
141.7893561942
131.1240815842
242.0000000000
120.1813983833
99.5012604764
77.3757912730
11.1442995409
102.9984994072
16.0000000000
150.2890070439
195.9787718466
211.0000000000
90.8961135892
16.8231447752
21.4699636630
77.0000000000
128.6113953543
19.6440185853
127.9718419726
114.2514314249
147.9648995736
104.8929394723
138.8482226142
32.2608476509
20.0552174048
114.2386042480
90.3732307647
49.4327335733
17.4797029240
126.6678175194
160.6613752464
95.9185682741
16.2020871178
173.0000000000
18.7805688754
66.7345417887
193.7794043778
134.7260293888
136.9767547092
62.4183465487
20.1628008237
100.5503796465
20.6749448712
126.0000000000
13.0780022251
77.0707212650
75.0000000000
86.4144931588
19.0710199004
114.5560603948
57.0066629036
106.8166008159
13.8011200320
65.0798299854
102.5824576109
186.1543143283
168.0000000000
99.1437251860
132.0593460312
99.2861303226
81.6880630518
82.5042637863
83.0844312012
84.0000000000
106.0162530077
222.0000000000
159.2363785749
123.3302361334
21.3223649442
0.0000000001
21.0746103731
110.8110059673
116.9420778885
73.4579633363
62.4183465487
166.9034137637
160.3661706968
118.0605216073
184.9045505066
103.3561945790
103.4359603424
117.8813370079
111.4158529769
127.0988157312
138.9450699003
20.4322451422
187.0000000000
247.0000000000
10.6504247587
187.5229198965
85.8877098344
156.8406098911
17.6753604591
17.7680584709
0.0000000001
177.9675101399
115.9281354015
19.1329534379
18.2168298527
4.0000000000
0.0000000001
145.0425907126
245.6158344732
132.6007483463
89.6061677673
65.2345237384
17.3205080757
83.5395435875
152.0000000000
17.8556570224
18.8028266889
122.0758502616
61.4648035074
119.2050798632
50.1657356936
97.8681771368
101.3121879317
18.8796582178
0.0000000001
20.5642447833
71.2490174605
21.5033056825
125.6923333755
130.0748834658
16.9842614554
42.1988979908
17.8104103129
69.5110666709
106.4013473503
105.4190697614
17.5333696829
18.2538203641
17.4718104155
119.5082072163
87.6481128647
22.6245620560
114.6835133569
17.3633909050
143.0000000000
64.9297251019
227.0000000000
105.4408208803
120.4449781148
11.5288315118
94.5543341185
109.2480100534
74.9402012460
120.8007671837
110.4753261256
93.9238227691
86.4045929673
17.3205080757
141.7420497954
144.0000000000
93.9562889416
129.0816115145
101.8350157524
113.4412391622
132.4672956008
110.1349369426
269.0000000000
64.7045659907
88.1650701888
114.0389676322
19.2087839094
86.4045929673
11.3065198979
48.6110969121
139.0024211190
96.1993308926
18.3955254242
72.2251798294
24.4805174859
126.8423194881
89.6150895658
98.3259390712
124.8694456308
45.9229511059
74.9372138967
112.4817134809
35.8704042602
86.9639714607
50.3102184597
112.6260635114
0.0000000001
144.9340513287
124.2730873941
72.4892600529
54.3703768299
217.0000000000
87.9999289773
111.2484392280
115.8023675052
18.8183882949
45.7356534885
172.9617934985
89.2645620611
0.0000000001
94.1879092196
