3000 7
4 6908
13 8433
15 3587
16 8714
20 5564
27 2283
27 5824
35 9433
36 4970
38 7098
41 9547
42 3501
43 3399
44 163
48 4350
49 777
49 2688
49 9647
50 9642
52 6028
59 256
61 1295
67 2362
71 3156
71 6929
73 8959
74 6807
76 5483
77 1990
81 3616
83 3168
85 374
85 8671
86 722
88 9173
99 6670
103 6271
107 5122
107 6226
120 4983
121 4243
124 5171
124 6301
127 6112
136 3505
137 7032
139 2494
142 6823
154 5533
159 1947
166 4928
173 4560
176 8729
177 8682
178 4601
178 7968
179 2172
180 4949
180 9622
181 4601
182 3077
183 2151
195 5233
196 3461
198 4471
203 5676
205 3887
206 2554
209 5493
210 2493
210 7066
215 7000
220 7073
222 3222
222 8241
228 6802
228 8662
234 7611
236 5918
248 9324
249 2611
254 8745
258 5327
260 4213
266 2002
266 8054
271 5342
275 3915
282 4860
283 9584
287 9411
306 8161
311 7367
314 1209
323 6712
327 1062
335 5767
335 9095
338 3335
339 9681
340 6818
343 5176
370 500
377 5770
377 7148
380 8421
385 5100
389 5481
405 6096
406 3206
406 8995
416 825
418 9805
419 940
425 1308
427 6399
432 1223
434 7993
436 8444
448 283
448 3755
448 9678
452 3141
454 1760
457 6001
459 9666
461 8406
462 846
462 2550
462 5570
463 1876
464 5196
469 6654
471 7569
474 3337
482 5827
483 2934
487 2726
488 254
493 9698
494 5199
495 2188
496 904
498 1137
507 9367
508 3447
510 1413
515 9677
520 5042
523 3020
524 2797
526 647
528 3244
530 8909
537 9671
540 8250
546 5951
557 2369
562 4600
565 2205
565 2559
567 704
567 3579
570 1422
571 5307
573 7263
586 7923
589 5954
592 2218
593 8442
596 1368
598 3941
601 2420
606 2362
614 6347
616 8900
617 6315
622 4818
632 5505
633 1410
640 8978
645 6609
649 6509
650 4281
651 2196
652 3350
653 7207
662 4271
662 4993
667 646
667 2390
670 4441
672 9589
676 9063
679 2465
683 6264
692 3160
692 5623
697 8117
704 25
706 6322
707 6642
708 4918
710 6273
710 6563
712 2350
719 5870
719 6908
722 1171
729 6909
732 2806
736 2295
742 6584
746 6549
747 4359
749 6201
750 335
757 2174
757 6587
762 9243
764 1179
768 4682
770 4908
780 8773
781 661
787 1765
788 8786
793 1230
796 1243
811 1235
815 552
817 9438
821 895
821 8179
827 9584
828 5407
828 8766
831 7472
831 8765
841 3426
842 3959
846 5174
848 970
852 3070
858 3805
858 5142
858 5225
874 9739
876 3193
880 1262
881 186
881 3751
882 1242
884 324
885 420
889 269
896 5992
907 7773
908 3293
912 7484
917 1817
918 5287
927 2523
936 2212
941 316
941 1433
941 3784
945 4545
945 7679
953 1074
954 4975
959 2288
960 2887
960 5292
975 7044
979 6633
984 1438
989 1081
990 2815
990 9470
992 6802
993 5720
994 3990
998 985
999 6803
1002 3547
1003 5888
1022 9989
1023 3981
1026 4059
1027 5733
1028 64
1038 6891
1044 2953
1044 3836
1047 2717
1048 2812
1051 8685
1053 6260
1058 5462
1061 2634
1062 7866
1063 8502
1068 8346
1070 6153
1078 4855
1080 1593
1083 7869
1088 1793
1090 7851
1094 7909
1097 7612
1098 5938
1101 4704
1103 6251
1105 6633
1107 7925
1115 9822
1118 1309
1122 6547
1123 5252
1124 6536
1131 7939
1132 7770
1133 8596
1134 3718
1134 6827
1135 7418
1135 9187
1138 2574
1140 5550
1141 6683
1142 3244
1143 4209
1143 8150
1144 3944
1145 6250
1149 2836
1150 614
1152 1835
1156 9107
1160 243
1163 3441
1165 9692
1171 7950
1172 6596
1177 2461
1186 677
1187 8458
1189 8934
1192 7445
1194 3868
1195 9534
1206 852
1210 6968
1211 8344
1215 1956
1224 241
1227 6463
1230 2405
1234 426
1235 2073
1235 2535
1236 7399
1238 4960
1247 6714
1256 8699
1260 8680
1260 8707
1270 2207
1270 8167
1270 9959
1271 5932
1271 8501
1278 3415
1280 6896
1288 5743
1290 5025
1291 3660
1301 9343
1302 1432
1303 4805
1304 3295
1310 8852
1315 8589
1316 7956
1320 8337
1329 5315
1331 61
1331 5720
1341 6138
1342 2164
1343 4502
1343 8288
1351 2308
1355 3900
1357 8552
1357 9334
1365 9949
1366 4173
1367 311
1370 2882
1371 3577
1376 9891
1380 3192
1382 4976
1386 1410
1393 8872
1397 6992
1398 4553
1399 9531
1410 8921
1417 7118
1418 6779
1420 5615
1421 3833
1429 8921
1433 8989
1434 2251
1435 8499
1440 4167
1445 26
1458 7299
1462 1604
1463 5481
1465 3687
1467 1820
1469 8261
1475 7889
1476 7745
1478 6197
1480 5105
1485 6248
1488 1225
1488 1781
1492 2272
1493 355
1493 3084
1499 781
1501 3770
1502 4159
1506 7707
1512 3584
1514 9534
1521 4538
1524 3775
1527 3888
1531 1103
1532 3374
1540 1045
1540 9550
1541 7490
1545 1609
1548 3378
1550 2004
1553 6992
1555 43
1559 3462
1561 7462
1563 4028
1566 423
1575 3221
1576 9191
1582 2167
1587 5291
1590 8971
1592 4865
1597 118
1598 2548
1602 3366
1602 5876
1610 8053
1612 7631
1615 824
1616 4467
1616 6291
1618 2814
1623 499
1626 6467
1628 1521
1632 5424
1633 1089
1635 4297
1638 5437
1638 6799
1641 7697
1641 9120
1650 3484
1651 6218
1652 6873
1656 512
1661 8863
1663 368
1664 9744
1670 1034
1674 7880
1676 9
1686 1479
1689 1161
1690 2662
1691 473
1691 8295
1694 1580
1703 8541
1703 9956
1705 8279
1708 9910
1709 7678
1710 3051
1714 4004
1715 6256
1719 7505
1719 7829
1720 3270
1724 7362
1725 6257
1729 9703
1731 6816
1733 2996
1733 6366
1739 1588
1748 2250
1750 5991
1755 7035
1756 4229
1767 2896
1767 7613
1770 2734
1776 7421
1778 5384
1789 9180
1805 4051
1808 8111
1809 797
1810 9871
1819 4035
1819 4590
1820 2696
1820 8392
1822 930
1828 2693
1831 4115
1840 8625
1844 96
1844 576
1845 1837
1845 2495
1849 7684
1850 2115
1850 3380
1851 7318
1854 1526
1858 1337
1861 2431
1867 4522
1869 3289
1870 4440
1872 3795
1875 7058
1876 21
1882 4353
1885 8565
1889 5108
1895 6678
1896 1990
1897 9464
1902 1176
1902 9045
1913 5732
1918 2414
1922 7392
1925 2778
1931 5670
1937 840
1938 2143
1944 6261
1947 8262
1947 9500
1949 2949
1954 5797
1958 3034
1962 7946
1963 2406
1963 9828
1965 71
1968 3797
1969 6868
1970 806
1972 5820
1975 4998
1975 8352
1982 2812
1984 5406
1985 2415
1988 1007
1992 4633
1993 5930
1997 285
1998 7896
2000 138
2001 1022
2005 1719
2006 8145
2008 6978
2014 8409
2017 2327
2018 7186
2020 3872
2022 6806
2034 7257
2034 7733
2037 4199
2037 7082
2038 8182
2041 9433
2045 4950
2054 4300
2054 5431
2058 176
2060 4671
2064 5532
2066 7166
2067 6299
2068 1923
2069 4238
2070 3257
2073 6400
2074 9451
2076 6337
2080 7020
2091 7652
2094 7850
2096 2718
2097 5086
2101 2149
2101 6984
2109 5514
2111 5875
2114 2992
2115 8816
2116 7256
2117 1555
2125 4784
2129 643
2136 8728
2137 9749
2138 2939
2139 9991
2143 917
2160 6954
2160 7706
2165 1679
2165 2354
2165 8045
2166 1841
2170 9128
2175 1566
2176 718
2179 1864
2186 9290
2191 2246
2192 735
2196 5102
2198 1233
2201 4484
2204 5528
2206 5614
2207 1483
2209 1258
2210 5734
2218 6940
2234 3265
2241 8921
2242 9250
2243 9589
2244 5681
2247 4122
2248 4658
2254 1758
2254 6615
2256 6500
2258 3796
2260 8548
2260 9575
2267 2348
2273 2712
2274 570
2275 974
2275 5479
2276 3289
2276 9657
2292 1694
2293 3714
2293 9505
2303 7480
2304 7669
2305 4809
2310 1162
2319 5484
2320 3815
2323 6790
2323 8811
2324 2038
2326 4198
2330 7650
2333 6661
2334 1683
2345 8686
2346 2806
2346 5262
2349 5551
2352 4294
2355 7928
2357 9990
2361 1860
2364 273
2367 643
2372 7574
2373 2710
2380 3918
2390 4361
2390 7783
2391 7954
2405 5178
2406 7384
2408 3539
2408 8237
2409 991
2411 5368
2413 321
2417 1054
2422 3856
2422 4113
2428 2304
2433 4413
2433 4786
2434 917
2436 482
2436 2441
2436 6094
2440 6525
2442 7687
2444 2188
2448 98
2456 6073
2459 1241
2460 5209
2465 7074
2466 7223
2473 3946
2474 8855
2476 7354
2486 183
2488 33
2488 7726
2488 9399
2494 1212
2499 7141
2506 9529
2511 707
2511 4262
2518 1351
2525 1100
2525 4212
2527 6793
2532 1408
2535 3418
2535 9835
2543 8589
2545 5152
2545 5927
2554 5428
2558 2890
2559 4960
2560 4615
2568 1552
2568 3477
2572 8014
2576 9992
2580 3787
2581 2906
2584 280
2587 8991
2588 725
2591 8020
2592 5445
2593 5427
2596 2419
2596 2528
2597 5618
2599 9591
2599 9675
2603 7505
2610 8534
2612 7975
2613 8268
2616 9218
2620 390
2623 5361
2630 3516
2630 4334
2632 3880
2641 8275
2642 1970
2642 5634
2643 1915
2645 7800
2647 3768
2648 1067
2650 9738
2651 4454
2652 1928
2655 7209
2656 5569
2659 1202
2662 5049
2676 4715
2678 7488
2685 519
2694 5753
2697 7754
2702 3092
2703 3847
2705 7913
2711 3583
2713 5144
2714 2065
2716 4071
2720 139
2720 214
2722 6062
2726 455
2735 2448
2735 9158
2736 5265
2737 2761
2739 3724
2748 8678
2750 6733
2753 6851
2754 1544
2754 7493
2765 8301
2766 6942
2766 9809
2767 1448
2768 5889
2769 2553
2770 9799
2771 9066
2774 9136
2780 9403
2783 334
2785 2515
2785 4928
2788 7522
2792 5328
2802 1196
2802 3444
2804 1285
2807 9613
2810 2264
2810 8846
2821 5653
2825 3106
2831 1547
2837 1292
2838 6489
2840 1200
2843 4606
2847 6776
2851 3738
2856 754
2862 6961
2868 4988
2871 6116
2877 1318
2878 6107
2898 9566
2899 4390
2899 8237
2908 7668
2920 7355
2923 566
2928 984
2930 1676
2935 7849
2938 4251
2947 164
2947 9533
2949 4350
2961 3383
2969 5091
2971 8093
2973 3477
2976 2137
2977 5484
2981 6758
2984 4791
2985 3834
2985 4785
2994 155
2994 4772
2994 5146
2994 7124
2998 584
2998 4083
2999 2527
3001 1758
3005 9865
3006 1171
3007 1835
3008 1287
3011 7093
3022 2776
3026 2222
3027 1808
3030 8349
3032 9976
3039 7226
3041 6046
3045 7896
3050 198
3050 6448
3059 9397
3060 2188
3060 2912
3063 2196
3071 1245
3073 8818
3085 4335
3087 7079
3089 7982
3090 2637
3094 5786
3103 4289
3106 7280
3107 4456
3109 88
3109 6917
3111 8044
3119 6861
3119 8838
3122 2740
3132 6564
3151 7273
3161 1362
3164 3315
3166 1154
3166 9707
3169 7636
3169 9205
3172 1864
3173 9743
3175 2506
3178 3013
3181 7349
3194 8609
3201 8726
3205 6827
3209 696
3213 3326
3214 2102
3216 6698
3217 4042
3222 294
3237 4144
3241 1426
3241 5543
3248 8392
3249 3916
3249 6622
3251 9345
3252 7538
3254 7544
3258 6099
3260 2991
3261 2992
3261 6669
3263 905
3263 4924
3265 2030
3269 2127
3271 7392
3274 2955
3274 9370
3277 5473
3288 8085
3290 2767
3291 9633
3292 198
3294 4143
3304 8625
3311 466
3311 1270
3321 6032
3322 9435
3325 6987
3325 7979
3333 7003
3334 5605
3337 7495
3343 3413
3344 2901
3350 507
3350 2156
3361 7187
3367 7041
3369 6218
3394 1410
3397 3755
3398 2641
3405 181
3406 5755
3408 1727
3408 6634
3410 4216
3413 3438
3430 8013
3432 2940
3434 6385
3453 2034
3459 1677
3461 2345
3468 2280
3469 4843
3473 1046
3477 2751
3479 373
3480 2269
3488 868
3492 7601
3495 3082
3497 8040
3500 8544
3501 9102
3502 5706
3504 9426
3508 5656
3514 646
3518 5401
3525 1948
3525 2039
3526 1766
3530 6172
3532 4161
3533 2500
3536 1969
3539 7362
3542 2203
3546 8818
3561 9247
3562 7290
3565 7136
3566 2591
3570 3285
3576 7480
3587 7859
3588 411
3588 3836
3589 78
3593 4004
3610 5837
3615 141
3616 1911
3623 7554
3624 1958
3630 9596
3630 9982
3647 1305
3647 3196
3648 3326
3651 2098
3654 5158
3657 7115
3660 6384
3664 9608
3675 2117
3683 221
3683 6898
3688 2442
3688 9443
3688 9836
3693 8253
3698 826
3699 8024
3701 4317
3702 5646
3703 7599
3704 3890
3704 6859
3706 6683
3717 7322
3719 2792
3720 5854
3720 6081
3724 8318
3726 2655
3733 292
3733 4960
3734 4333
3737 743
3737 3446
3744 8524
3749 1141
3751 4551
3752 6540
3758 1246
3761 2283
3767 1893
3769 3890
3774 8159
3775 7495
3776 8307
3777 3407
3785 6982
3795 8321
3798 2406
3803 2282
3805 5158
3807 79
3807 7962
3808 2101
3819 2638
3819 7328
3821 3884
3825 8086
3828 5899
3830 9058
3835 4119
3843 6362
3844 1459
3851 4499
3853 430
3859 989
3862 2407
3869 985
3869 6005
3871 1015
3872 5593
3879 6207
3881 9361
3883 1225
3885 6520
3885 7061
3892 4303
3893 7926
3894 9510
3899 1394
3906 469
3914 8572
3915 6264
3916 700
3923 3433
3928 9147
3929 8285
3930 7948
3931 7248
3934 8744
3942 2482
3943 2667
3947 3803
3951 8613
3952 6068
3955 7118
3957 783
3961 337
3966 5231
3968 8404
3974 4406
3977 9508
3979 8795
3980 8543
3989 9392
3991 7523
4003 7254
4004 5776
4007 4868
4007 9460
4008 2987
4017 460
4020 2328
4021 3686
4025 7938
4029 1022
4029 5927
4029 7071
4030 2570
4034 6107
4038 1024
4039 2144
4041 995
4047 2259
4047 6593
4047 8102
4048 1523
4049 1952
4056 1948
4062 7402
4066 514
4066 734
4068 1398
4070 1488
4072 2821
4078 157
4078 3104
4080 5458
4083 1443
4085 1653
4092 789
4094 9043
4100 5023
4105 9056
4108 4921
4110 9455
4118 1375
4118 3040
4119 4535
4133 8246
4135 6351
4141 6411
4142 4141
4150 4622
4154 9910
4167 3728
4169 6434
4170 5795
4170 6660
4170 8643
4172 103
4175 7110
4176 3592
4179 260
4179 1653
4180 2242
4181 8485
4183 60
4184 7361
4189 9409
4193 6876
4194 1533
4205 1198
4210 1468
4214 6489
4221 9963
4222 4950
4223 9814
4226 337
4230 6021
4232 8322
4238 3245
4246 2917
4246 6143
4246 7066
4247 1130
4247 3481
4252 9612
4254 5828
4255 6976
4256 1267
4263 9366
4264 7280
4267 3250
4268 1367
4269 2426
4269 3502
4273 5658
4277 4763
4279 1406
4285 4808
4292 777
4292 3680
4294 1428
4294 5055
4300 899
4302 2350
4305 2722
4307 9436
4308 6384
4310 9613
4312 513
4315 4890
4319 5922
4319 6154
4322 6731
4324 1355
4325 2396
4328 5744
4329 908
4336 2395
4340 8721
4350 6505
4351 503
4354 1379
4360 9811
4365 1078
4366 5854
4375 7883
4378 283
4379 9040
4381 8470
4385 1132
4386 1896
4386 5341
4386 7472
4389 2409
4391 1744
4391 9463
4392 694
4392 7636
4393 1541
4394 5697
4395 4918
4397 2230
4399 9198
4410 3736
4414 186
4415 5909
4418 2828
4422 5025
4424 4291
4425 313
4425 702
4429 1081
4437 7773
4438 469
4439 3272
4446 5577
4461 143
4462 5840
4477 4574
4479 963
4480 3610
4484 8533
4485 1605
4487 8421
4488 7539
4491 2370
4493 110
4498 9719
4501 3081
4511 7543
4515 7388
4516 3677
4516 6537
4517 4966
4521 3657
4522 1976
4530 1729
4530 7376
4531 75
4537 3622
4538 3955
4538 8549
4539 7378
4540 305
4542 925
4549 8122
4551 1960
4553 4322
4553 7113
4558 3437
4558 4000
4558 4622
4558 8006
4563 4928
4564 4404
4565 2482
4565 9888
4567 7081
4585 1454
4586 4973
4592 7395
4606 204
4607 1300
4609 6477
4609 8872
4610 2597
4611 639
4611 4275
4612 1488
4616 2337
4616 7369
4619 6521
4620 2324
4622 7024
4623 5619
4625 153
4626 481
4631 3967
4635 3087
4636 3249
4636 8786
4642 6608
4650 7395
4666 2142
4669 3496
4678 3680
4681 4815
4682 1585
4692 8844
4694 9334
4695 4458
4700 3330
4703 6214
4703 7182
4705 5154
4706 7547
4708 9657
4709 5651
4713 270
4713 9121
4715 5203
4715 6065
4715 8474
4716 3295
4723 7239
4724 7635
4739 5303
4740 3416
4741 4489
4741 7589
4741 9581
4747 8193
4750 6803
4761 3273
4764 3134
4765 8135
4766 1217
4789 2213
4790 8094
4797 4333
4797 5644
4805 9445
4806 2752
4812 7788
4815 2641
4818 5159
4820 2171
4820 2812
4823 4507
4826 7976
4839 9582
4840 3919
4841 8697
4845 7728
4853 4067
4859 6871
4865 2447
4866 1565
4871 215
4879 5884
4882 6066
4885 1841
4898 332
4898 4947
4899 4536
4900 8186
4907 2373
4913 4873
4913 7127
4915 2400
4918 1470
4922 1020
4933 9728
4938 3167
4945 3381
4949 5707
4955 8170
4956 3223
4957 527
4960 2591
4960 3730
4967 4235
4982 6643
4985 5016
4986 6222
4992 1849
4994 7894
4997 2488
5004 388
5009 9290
5012 7151
5027 1879
5027 6925
5028 9680
5037 8125
5041 5797
5041 9931
5043 5589
5043 9864
5054 6932
5054 7480
5061 6403
5061 8696
5068 2717
5069 6997
5069 9262
5071 3143
5071 7002
5075 4355
5082 9870
5083 9799
5092 7683
5093 2030
5096 2590
5096 8254
5102 2316
5102 8888
5103 3505
5103 6864
5106 8235
5112 7981
5114 1165
5117 3688
5121 879
5122 3254
5130 5149
5136 104
5140 9809
5150 8679
5151 5056
5156 1492
5157 8006
5157 9628
5162 5362
5162 5390
5164 2925
5165 1662
5165 6861
5169 2121
5171 3985
5179 7289
5180 2009
5188 3931
5189 8818
5190 3136
5202 1226
5215 9447
5216 469
5227 9553
5229 6453
5234 1141
5235 1635
5236 1052
5247 6995
5253 2067
5254 5037
5262 6582
5262 7007
5270 1736
5274 6088
5277 5437
5277 6213
5277 9007
5278 5931
5279 8998
5280 9243
5288 5833
5298 7968
5302 2432
5309 2768
5310 471
5315 8757
5318 3628
5318 4609
5320 6839
5322 1477
5324 9192
5328 6263
5330 9350
5331 4012
5340 3384
5345 9907
5350 1678
5352 4560
5355 7946
5358 9206
5365 1979
5367 5294
5368 8170
5370 4931
5373 3168
5377 7342
5379 2577
5381 8564
5383 3809
5384 5000
5386 8567
5392 4647
5393 2011
5395 151
5399 1406
5402 1008
5402 9663
5403 6193
5404 2696
5409 8301
5416 2044
5416 4128
5418 7730
5421 2655
5421 5855
5427 2395
5431 3019
5431 9834
5439 9181
5443 7955
5445 5672
5448 9517
5455 6175
5467 6721
5471 4127
5478 1664
5480 2651
5482 201
5489 5744
5494 2206
5495 4400
5496 1942
5496 2662
5498 5131
5500 2426
5501 5544
5508 8431
5510 4524
5512 8233
5515 7378
5519 9383
5521 1656
5525 2194
5527 40
5527 9679
5528 5829
5529 7146
5533 3171
5534 2300
5537 9815
5543 7994
5547 2628
5547 8266
5550 2663
5554 59
5558 7442
5566 8939
5573 2703
5581 361
5585 621
5585 8024
5586 635
5586 3633
5589 1493
5595 742
5599 396
5599 3175
5604 9291
5606 5463
5607 5389
5610 4703
5617 7876
5628 6191
5630 4097
5630 5251
5633 3158
5634 9071
5637 9044
5651 7696
5653 4393
5654 9897
5655 260
5660 1397
5662 7283
5664 9280
5671 8601
5674 854
5677 3617
5677 4649
5677 6625
5681 3097
5681 8317
5685 8946
5691 9824
5703 3258
5706 3958
5707 8056
5708 7171
5711 7413
5712 2567
5715 5243
5725 3496
5727 6949
5732 1609
5733 1465
5739 3217
5740 6617
5741 241
5741 1595
5754 9132
5756 3844
5766 9737
5769 4101
5771 2854
5771 5075
5779 6996
5781 7622
5783 5281
5789 5954
5792 1355
5799 8642
5803 635
5807 7142
5808 5130
5810 2910
5817 2916
5819 7131
5821 264
5830 2975
5831 8460
5832 5672
5833 8891
5847 7405
5856 909
5857 5630
5859 8086
5860 6595
5864 8633
5866 7705
5878 6317
5882 5049
5885 755
5888 1062
5899 3666
5909 3941
5912 8990
5919 973
5919 1428
5919 3515
5931 9977
5932 8210
5934 5751
5934 9338
5935 670
5939 1608
5939 5021
5941 1807
5942 6535
5951 5231
5952 2428
5956 8977
5958 1667
5960 4032
5961 8551
5963 1852
5970 7189
5972 8886
5973 6981
5977 1248
5979 1355
5982 2657
5982 4594
5985 3230
5993 8495
5995 5027
6000 8534
6001 6144
6002 8227
6007 440
6012 1120
6013 3685
6015 3234
6031 124
6038 3677
6040 3614
6046 4853
6047 7858
6052 3341
6054 2460
6055 4342
6056 781
6057 5598
6064 3260
6071 8855
6072 3605
6073 2100
6078 1363
6079 5513
6083 4862
6085 2938
6085 6918
6095 2296
6098 3845
6102 4778
6107 7300
6112 7146
6114 5471
6116 1327
6122 44
6124 2421
6124 5067
6126 2364
6126 4283
6126 4304
6128 3908
6133 9341
6135 2459
6135 2632
6136 4008
6142 4759
6145 6742
6147 5802
6149 6205
6154 2358
6156 3477
6162 7071
6162 9389
6178 2379
6183 713
6183 5148
6189 1467
6190 1253
6194 191
6198 3286
6202 7106
6212 154
6219 6609
6219 7086
6221 7393
6225 8772
6226 169
6226 7354
6228 7545
6230 3067
6230 9431
6233 205
6234 5815
6238 5542
6245 5773
6249 3531
6250 2565
6251 5562
6252 8374
6255 2496
6255 7739
6256 7342
6257 4437
6260 8633
6269 1648
6272 6796
6274 2666
6283 8653
6291 1950
6295 4578
6299 5866
6299 6335
6300 7082
6301 9463
6302 2907
6305 8717
6306 3184
6306 7659
6308 280
6308 7286
6309 6883
6315 3283
6316 7004
6320 9023
6321 6079
6324 6052
6328 6757
6333 1855
6338 1929
6340 4846
6340 5770
6342 4668
6342 5184
6345 1074
6346 727
6349 3431
6352 6244
6363 2389
6365 1079
6365 1873
6373 2709
6378 1519
6381 4989
6382 973
6385 772
6387 69
6392 1791
6392 5241
6394 2343
6394 5841
6397 7070
6397 7863
6406 329
6409 3949
6412 9943
6413 5555
6416 6516
6421 3101
6423 2485
6425 7522
6431 7092
6438 7440
6446 4058
6454 6516
6457 5863
6458 1065
6462 1103
6465 4144
6469 3218
6474 7010
6478 5369
6481 3449
6487 303
6492 3500
6501 267
6501 6668
6505 1596
6506 3124
6510 5940
6510 7596
6520 1098
6525 4496
6527 7769
6532 2149
6535 8453
6539 2632
6539 5816
6546 6891
6549 6316
6550 1614
6555 5880
6561 9449
6562 122
6563 1478
6563 5475
6564 2198
6567 7682
6571 7901
6573 5225
6581 5263
6585 4874
6588 9171
6589 2834
6590 3335
6597 3514
6602 9240
6605 2375
6608 62
6619 4463
6623 3586
6626 1240
6626 5039
6635 6401
6636 388
6646 169
6660 3981
6666 5687
6667 9968
6669 3105
6679 1080
6683 8502
6684 2328
6686 1664
6686 9456
6687 1636
6688 1630
6702 6473
6703 504
6708 2394
6709 3375
6709 7863
6716 1162
6720 6818
6723 7555
6725 5177
6728 4048
6729 8899
6732 1182
6735 8726
6737 4483
6739 1799
6748 6113
6751 2102
6759 3865
6761 3518
6763 8802
6765 947
6773 2314
6785 6526
6788 7994
6803 2531
6808 3722
6814 7594
6817 7870
6821 5083
6824 4315
6825 2766
6827 8474
6828 8637
6831 2783
6841 3526
6844 727
6848 445
6848 6799
6851 3758
6853 8254
6855 682
6861 5803
6865 8193
6866 4308
6866 7821
6872 1271
6883 6431
6884 8508
6889 2190
6896 1539
6897 5798
6897 7320
6898 1529
6898 6196
6899 4503
6900 9721
6904 3265
6906 548
6907 6374
6916 3594
6925 2854
6927 8778
6927 8814
6935 7320
6941 6743
6941 8781
6943 440
6944 4031
6947 5540
6954 31
6956 3055
6973 2863
6973 4014
6975 5349
6977 7013
6986 4850
6987 1305
6991 2799
6993 372
6997 2313
7002 1639
7002 7438
7002 9389
7003 1704
7010 8062
7013 5691
7014 9653
7016 1832
7018 7534
7021 3547
7025 1385
7028 6954
7035 1660
7035 8855
7043 5563
7044 2152
7053 8108
7055 1315
7058 5674
7061 9121
7062 9507
7063 3246
7063 6178
7071 7839
7076 347
7076 3509
7079 4200
7081 1379
7081 2379
7091 293
7092 3813
7094 3434
7100 7548
7107 7817
7108 3630
7114 8332
7117 9796
7118 5718
7118 6922
7118 9268
7121 3148
7121 9623
7124 7315
7124 9936
7126 9925
7127 8088
7127 8669
7130 3902
7131 1920
7136 8290
7138 6028
7152 9586
7157 6954
7158 7693
7162 9768
7163 101
7163 5850
7165 2818
7165 5964
7168 8297
7169 1815
7173 4971
7183 9596
7186 2070
7187 2148
7190 4253
7194 7141
7199 212
7203 1161
7203 3404
7203 6776
7209 4974
7216 3914
7222 8318
7225 6861
7232 8264
7239 6786
7239 7160
7240 5134
7244 8252
7247 2014
7247 9056
7260 6538
7261 1086
7261 4511
7264 2759
7265 1755
7274 7762
7275 7511
7277 1652
7278 1098
7285 3302
7287 416
7287 1291
7289 7943
7296 4986
7300 7829
7306 7566
7306 9991
7307 4697
7310 1693
7311 2231
7312 1438
7312 3981
7312 4320
7313 9343
7314 2137
7315 2175
7321 4020
7322 9260
7323 2457
7323 4967
7323 6157
7327 2893
7331 7635
7332 6559
7344 5881
7349 6339
7350 4439
7350 8309
7351 1093
7360 4300
7362 8871
7365 5781
7365 7366
7371 1376
7378 8211
7384 4858
7389 216
7394 3394
7396 4254
7396 4728
7397 9245
7400 9164
7407 6473
7412 7227
7421 6918
7428 2428
7432 7093
7433 8311
7434 7151
7436 9134
7447 288
7448 1235
7451 4011
7454 895
7455 3539
7455 5962
7460 6438
7469 9168
7470 7297
7474 6162
7478 9074
7488 8421
7492 5278
7494 8464
7500 4854
7502 6145
7503 2755
7510 1844
7515 7009
7515 9351
7516 5159
7518 1080
7529 2745
7544 48
7549 6576
7551 1096
7560 8864
7561 9195
7561 9547
7562 7081
7565 3348
7567 4112
7569 2987
7569 3819
7569 8029
7574 305
7575 3223
7590 723
7591 1826
7591 7020
7595 9894
7596 6485
7597 4997
7600 8154
7604 914
7609 1055
7617 927
7621 5971
7622 3366
7631 40
7638 8358
7639 424
7641 8570
7644 3120
7650 3296
7658 3654
7664 4130
7670 4492
7671 5980
7676 4371
7680 106
7686 3044
7687 330
7695 4843
7696 1821
7700 1037
7700 9740
7706 4653
7710 108
7711 6041
7714 8036
7722 9426
7728 6547
7729 193
7732 2302
7732 8721
7740 4977
7753 9349
7756 4249
7759 9617
7761 9031
7765 228
7773 2147
7774 5614
7784 9573
7785 7118
7786 3812
7788 5341
7791 3358
7791 8525
7792 8951
7794 3733
7796 8409
7808 8724
7810 4330
7811 9072
7812 5442
7814 1793
7820 3271
7828 6032
7839 6078
7840 1099
7849 2024
7849 6800
7851 8676
7854 4971
7855 3283
7856 8181
7858 6169
7858 7981
7859 9526
7861 5055
7873 356
7882 3960
7883 4581
7892 7447
7893 2236
7894 1669
7898 8049
7899 3767
7900 5139
7902 4816
7907 5253
7908 5598
7909 654
7911 4268
7913 200
7918 8328
7919 7207
7924 1096
7926 1056
7926 1550
7927 914
7927 6123
7939 2441
7943 7302
7951 7855
7954 5046
7957 2559
7957 3166
7969 1577
7975 3973
7981 5203
7982 5430
7983 1796
7983 5865
7990 5524
7993 656
7997 3635
7998 1803
8001 6158
8002 2575
8003 6228
8009 9167
8012 2726
8018 4394
8019 2348
8024 9428
8030 1614
8035 7618
8036 6746
8037 7928
8045 9620
8046 5836
8059 1485
8060 7747
8061 3596
8063 305
8065 282
8068 5287
8071 1314
8075 6403
8077 2280
8094 6188
8096 4562
8099 8586
8105 5811
8119 1002
8121 784
8126 9171
8133 2078
8135 5937
8135 9497
8141 96
8142 7886
8144 8388
8157 5176
8161 9400
8165 591
8169 5194
8174 1864
8183 4227
8184 7692
8192 4444
8193 1559
8195 5793
8197 5393
8199 7049
8204 1219
8205 2146
8206 8461
8208 8117
8208 8432
8210 8740
8212 2990
8213 2788
8217 1530
8218 5222
8221 5990
8222 4176
8223 5758
8230 8427
8231 2821
8232 3539
8232 4565
8232 8191
8233 8438
8234 7622
8244 546
8249 1154
8249 6455
8251 5471
8252 5655
8259 4895
8259 8088
8260 1198
8260 9543
8262 3600
8268 4586
8270 5824
8270 8133
8271 1017
8271 5102
8272 3701
8276 9475
8277 8810
8277 9811
8281 4335
8282 915
8283 6926
8291 1436
8296 1786
8300 2844
8303 3949
8308 2800
8309 5236
8313 4592
8328 5565
8331 1482
8331 3508
8332 8749
8337 6855
8340 2110
8346 1033
8349 6193
8353 179
8356 2058
8356 4124
8358 9058
8359 7660
8360 8199
8362 5566
8363 3082
8364 2911
8368 1586
8380 6575
8381 2873
8385 4059
8387 1040
8387 5470
8388 4353
8395 4500
8398 636
8400 2263
8402 1112
8402 3043
8404 8315
8406 8131
8407 4341
8408 7584
8409 7271
8411 113
8411 9195
8414 9558
8416 1177
8417 3944
8419 2330
8421 2128
8422 5786
8424 2379
8425 8436
8427 1065
8430 4446
8443 5093
8447 9722
8449 6182
8450 1739
8451 5179
8454 3324
8455 2883
8460 1526
8462 5383
8464 2525
8464 3098
8472 5215
8480 8295
8482 6470
8483 7719
8486 6315
8487 2035
8490 9134
8494 7525
8496 2754
8497 7101
8512 78
8513 4312
8516 7431
8521 7738
8523 2678
8533 6802
8537 8605
8548 5543
8548 9000
8548 9232
8550 5057
8555 3789
8561 9907
8562 4589
8562 5116
8581 9808
8583 7878
8589 719
8591 1004
8610 5937
8612 2594
8613 1474
8617 2361
8619 8714
8623 8322
8624 9152
8627 4370
8629 3998
8630 6558
8633 9096
8635 6125
8637 7353
8637 7385
8640 2661
8643 7431
8645 909
8646 4781
8650 7136
8654 3242
8655 4996
8659 4189
8659 7044
8660 5814
8667 2032
8671 1166
8674 8539
8675 5365
8679 8711
8681 5541
8683 6477
8684 3
8687 1697
8687 3734
8687 5058
8695 6856
8696 2765
8699 5867
8700 8232
8701 455
8706 5116
8706 6294
8708 1658
8711 4029
8714 2055
8716 3714
8725 6238
8725 9345
8726 4465
8731 6729
8733 475
8734 8993
8735 3833
8735 4357
8740 8652
8743 1732
8743 1856
8747 9563
8752 116
8755 1255
8757 1072
8760 2686
8763 1618
8764 4429
8774 9219
8776 245
8776 5193
8777 2512
8778 7776
8781 7398
8782 3611
8784 1322
8789 8335
8793 1729
8797 854
8808 1845
8808 5144
8810 8306
8815 5662
8818 1995
8818 6536
8819 3045
8819 3399
8821 6355
8825 275
8827 5007
8829 4166
8831 9119
8831 9316
8834 9805
8842 449
8842 3742
8842 5909
8845 277
8848 6979
8849 4698
8865 4028
8868 5601
8868 7367
8873 9922
8874 4059
8880 2847
8886 823
8886 2829
8890 3227
8893 1211
8896 533
8896 9619
8897 4790
8900 2032
8901 1643
8901 8599
8904 6575
8909 6320
8912 8142
8923 893
8928 7282
8928 8627
8929 1108
8929 4495
8931 2708
8946 2878
8947 7374
8948 3920
8950 2670
8950 5249
8951 2379
8956 1977
8958 7455
8960 5695
8961 7958
8962 5281
8963 3551
8963 7163
8964 813
8964 1906
8966 619
8968 1519
8969 8373
8975 5350
8983 1553
8983 6231
8985 884
8989 4219
8989 5613
8991 1858
8993 1396
8994 4192
8998 6414
8999 2420
9000 4396
9005 4588
9005 8779
9006 902
9007 2697
9007 7876
9008 7071
9009 3595
9009 7785
9011 2226
9016 6897
9026 6831
9028 5886
9030 7570
9031 7745
9032 6649
9038 8195
9048 4646
9051 2511
9053 3506
9054 3440
9061 514
9061 8886
9062 8822
9063 704
9063 6348
9064 8484
9083 2691
9085 59
9085 1500
9087 4047
9088 3247
9088 4612
9090 4969
9093 2829
9094 663
9095 6755
9103 7065
9105 3103
9108 8591
9110 7059
9111 6390
9115 8162
9118 2612
9118 8710
9120 1633
9125 6852
9140 9005
9143 1637
9150 9560
9157 4452
9171 3886
9171 5411
9174 4504
9177 1809
9178 1087
9182 7899
9189 1254
9192 3131
9192 6148
9196 3174
9196 5892
9197 3221
9198 9716
9203 924
9212 9804
9215 4070
9215 6340
9216 4559
9224 7358
9226 4531
9229 2324
9232 2165
9235 1365
9241 686
9241 9584
9243 3983
9248 2816
9250 5527
9259 1492
9266 7709
9268 4757
9274 2902
9274 7939
9275 1035
9278 337
9278 6766
9278 9563
9279 3610
9279 6242
9282 8879
9283 5671
9284 7404
9285 1000
9286 3341
9286 9401
9287 8377
9293 5708
9294 1896
9294 6156
9299 5451
9300 9587
9305 5115
9305 5856
9305 9699
9307 7942
9310 196
9312 3378
9314 230
9314 363
9317 370
9317 4752
9318 7691
9321 6792
9325 7261
9325 8672
9326 5620
9327 1464
9330 9574
9333 3555
9335 1327
9345 2980
9349 1202
9353 4501
9363 9757
9369 225
9382 336
9385 1436
9390 9625
9392 1425
9392 9205
9396 3017
9399 573
9399 4871
9403 8596
9404 9908
9409 6038
9411 8722
9413 5575
9414 2247
9421 6707
9425 2771
9426 2265
9426 3476
9427 6046
9429 2682
9430 1376
9430 2431
9432 5655
9435 4243
9439 6135
9441 1615
9441 6262
9446 4372
9449 316
9455 6597
9457 2937
9461 5888
9465 3959
9474 220
9477 1258
9478 6300
9479 1112
9479 2551
9480 8428
9482 8437
9485 2200
9488 2410
9490 2165
9492 2734
9492 3136
9492 8863
9502 3224
9502 9374
9505 7831
9506 9155
9510 980
9513 2749
9513 6038
9516 9473
9517 5852
9517 9294
9526 2073
9541 81
9544 8568
9548 2662
9548 5717
9559 2024
9565 2123
9569 3841
9571 8656
9576 1443
9578 3908
9583 4373
9584 2361
9586 3629
9586 6472
9602 9443
9606 6970
9609 3409
9611 1119
9614 4803
9618 62
9618 1158
9622 9776
9625 8623
9633 7226
9634 6937
9644 9990
9650 5003
9652 5160
9657 3222
9666 3196
9677 2647
9678 7633
9682 9622
9685 7204
9689 8350
9692 3038
9693 1262
9695 4456
9701 8218
9704 4249
9705 2047
9708 2453
9708 6709
9710 6394
9713 3642
9713 3786
9714 8738
9716 7017
9717 2803
9719 6140
9720 4632
9720 9652
9722 7330
9724 64
9724 3407
9726 7091
9729 9745
9731 8450
9732 9177
9735 2335
9739 2842
9739 3095
9739 7262
9743 251
9743 1637
9745 6506
9750 6361
9755 8232
9759 8423
9761 892
9763 3803
9765 8819
9768 8442
9774 386
9776 1227
9779 4861
9781 8332
9795 1417
9799 412
9800 3239
9808 4891
9814 2477
9827 3911
9827 8549
9829 6785
9833 5782
9835 3375
9837 5594
9841 3069
9847 360
9851 4975
9856 8525
9858 4015
9859 9697
9860 6318
9865 3720
9868 8812
9871 5334
9873 570
9882 8076
9884 541
9887 9058
9890 299
9890 8227
9890 8348
9897 2024
9900 2000
9900 2108
9903 2339
9904 2116
9906 139
9907 108
9908 8888
9917 115
9921 354
9921 8532
9922 84
9923 5546
9924 1117
9925 3212
9927 303
9931 4613
9935 4354
9936 1632
9936 3686
9939 5021
9942 8343
9944 560
9948 4052
9950 2840
9952 2344
9954 8836
9958 2093
9964 8095
9965 3358
9966 5586
9970 5140
9970 5557
9975 4618
9980 6112
9988 8656
9995 4973
9998 2008
9999 9456
