98 400
29 50
33 41
4 66
10 61
2 78
49 78
51 74
65 84
89 94
17 64
44 56
7 98
51 60
2 53
9 93
27 39
28 32
48 77
24 73
26 67
35 52
6 67
12 50
8 18
16 75
19 70
43 69
46 82
58 72
57 60
58 59
32 58
48 68
38 64
75 82
53 82
54 64
17 50
28 68
44 46
40 86
7 80
42 84
12 29
69 92
5 10
28 54
2 33
22 36
59 75
23 33
37 87
52 81
28 44
31 33
13 75
4 69
10 48
49 75
6 87
12 62
64 67
66 73
20 61
11 70
34 50
72 94
52 70
28 90
18 43
42 60
13 56
12 19
21 95
13 18
14 41
10 73
26 52
32 79
10 83
82 90
29 35
37 42
12 44
33 86
3 13
69 81
67 97
4 14
33 72
9 68
28 57
37 66
15 90
48 70
33 57
39 76
30 35
51 90
17 30
54 70
7 61
13 42
31 64
28 70
27 96
6 82
38 50
25 31
17 74
21 97
26 28
66 76
5 8
46 61
10 69
35 87
20 30
81 88
31 35
13 73
26 83
10 62
78 83
77 79
39 48
91 95
48 56
10 98
21 84
71 77
1 49
57 76
58 66
15 33
22 61
2 80
13 66
26 90
34 42
17 34
42 58
3 90
41 78
57 85
52 59
2 49
58 60
27 81
25 65
6 45
15 69
79 81
26 79
18 32
40 77
54 77
64 83
65 91
18 58
24 25
67 93
3 15
58 84
2 8
26 61
46 56
2 34
5 23
2 92
8 55
50 66
18 27
17 54
5 66
40 90
66 80
16 92
25 41
30 40
36 91
11 91
26 81
1 65
49 79
89 95
67 75
65 79
41 75
17 91
19 62
24 51
46 74
71 79
57 82
5 25
9 94
26 88
38 72
35 53
3 92
64 94
20 81
21 69
25 93
12 89
33 36
40 41
18 30
36 61
54 67
38 63
6 95
10 18
64 75
22 82
44 75
14 52
27 28
45 65
44 97
5 11
28 53
2 32
14 64
11 78
25 72
6 26
48 80
77 82
42 52
24 98
12 27
30 98
51 54
15 36
24 93
82 98
51 77
10 58
7 54
63 85
44 57
66 67
43 79
50 62
24 53
3 5
71 73
62 72
9 92
61 68
3 49
1 88
60 63
79 84
4 80
22 89
83 93
69 82
16 98
57 89
45 70
2 13
9 69
82 84
40 43
21 23
10 44
17 31
36 63
49 81
76 79
14 58
15 51
27 52
57 68
12 82
33 51
2 88
13 74
26 82
6 50
12 63
56 97
19 87
44 60
46 93
18 64
66 70
13 24
3 30
10 79
23 67
4 25
14 73
6 19
73 77
28 36
4 77
50 83
40 69
15 27
33 92
23 88
25 54
15 47
2 48
26 53
53 59
25 88
36 78
2 42
7 19
61 66
12 94
39 86
36 84
67 90
30 82
39 61
18 76
61 97
32 61
23 37
52 85
79 95
26 73
9 55
27 77
3 73
54 71
39 58
64 79
44 71
46 88
69 89
43 85
34 98
3 27
60 88
47 59
21 52
4 28
86 98
81 95
11 88
54 94
13 34
64 70
29 98
15 58
22 67
24 50
18 88
80 92
14 79
15 81
52 65
13 91
43 50
49 91
17 59
31 95
16 73
67 87
41 87
3 9
18 83
25 52
35 68
62 76
1 35
25 94
6 8
4 54
12 47
10 11
55 66
40 84
64 74
5 98
18 74
4 9
1 85
48 95
53 93
49 85
11 59
53 71
25 28
44 65
68 79
13 27
56 68
22 78
32 80
24 45
71 81
21 50
99 300
1 34
6 9
5 31
4 41
3 35
8 44
5 81
3 52
2 84
7 82
1 17
6 35
5 57
4 55
1 83
1 6
2 5
2 78
1 64
1 11
6 69
3 69
2 48
1 56
6 7
3 86
3 45
2 63
1 45
6 95
5 18
3 62
2 42
4 46
3 51
9 36
15 73
1 28
6 44
5 60
16 84
2 68
6 51
3 79
1 67
1 54
4 5
4 82
2 53
1 59
5 77
4 16
3 40
3 85
1 40
2 32
14 15
5 21
4 35
7 22
5 34
1 84
2 90
7 35
5 63
3 12
2 28
2 73
8 12
1 12
6 60
3 74
4 68
2 11
1 49
7 57
3 95
4 26
9 75
1 38
3 80
4 98
4 32
1 21
2 80
4 51
2 18
2 95
3 11
1 68
1 15
2 74
1 73
2 12
1 60
6 76
4 31
4 84
2 59
1 33
3 90
5 30
4 42
3 34
1 99
2 38
12 13
1 16
2 85
9 40
1 82
1 5
2 23
3 6
1 71
3 27
2 49
1 63
8 25
6 73
3 44
2 60
2 43
5 46
4 58
2 86
9 43
1 19
6 45
4 53
1 93
2 24
3 78
4 64
1 66
9 13
4 11
1 53
3 67
4 6
2 50
3 22
5 7
3 84
6 74
1 47
3 60
2 44
11 82
4 63
1 30
5 99
5 62
1 88
1 3
8 13
2 29
4 8
4 69
2 8
1 48
1 77
7 56
13 37
4 80
2 55
3 21
6 87
3 83
11 14
3 38
13 63
1 20
13 65
4 60
1 86
1 25
2 92
5 49
3 10
1 91
1 14
2 75
7 50
4 79
4 13
3 31
2 13
8 82
3 93
4 24
2 56
1 32
5 29
4 43
3 37
2 39
4 38
2 82
8 33
1 23
1 81
2 65
1 4
3 9
2 3
1 70
1 9
2 76
6 59
13 94
4 95
1 75
5 72
2 61
1 35
9 64
10 94
4 40
3 32
5 82
4 59
3 53
1 92
10 33
1 7
3 4
2 4
5 9
4 7
2 51
5 6
4 18
3 87
1 46
5 88
4 45
4 56
3 48
2 88
1 29
5 98
2 26
2 71
1 2
3 76
1 76
5 12
3 65
3 20
4 81
1 36
2 97
2 52
3 82
3 41
1 41
9 17
5 91
6 91
4 34
5 22
9 83
5 35
2 16
1 24
7 85
3 13
2 31
9 53
1 90
1 13
3 75
3 30
1 79
10 79
2 10
8 83
4 25
4 86
3 92
1 39
18 50
5 65
4 97
2 36
3 36
8 47
5 41
3 98
3 57
1 22
2 83
11 95
1 80
3 8
1 8
6 56
4 30
2 58
100 405
43 71
4 71
8 71
71 92
4 43
8 43
43 84
43 61
4 8
4 84
1 4
4 7
8 84
1 8
8 81
8 30
1 84
81 84
10 84
84 91
1 81
1 10
1 58
1 60
10 81
58 81
27 81
32 81
10 58
10 27
10 71
10 25
27 58
58 71
43 58
15 58
27 71
27 43
4 27
20 27
61 92
7 92
30 92
62 92
7 61
30 61
61 91
23 61
7 30
7 91
7 60
7 50
30 91
30 60
30 32
30 59
60 91
32 91
25 91
5 91
32 60
25 60
15 60
14 60
25 32
15 32
20 32
6 32
15 25
20 25
25 92
25 94
15 20
15 92
15 61
3 15
20 92
20 61
7 20
18 20
23 62
50 62
59 62
45 62
23 50
23 59
5 23
23 33
50 59
5 50
14 50
50 100
5 59
14 59
6 59
29 59
5 14
5 6
5 94
5 75
6 14
14 94
3 14
14 49
6 94
3 6
6 18
6 56
3 94
18 94
62 94
79 94
3 18
3 62
3 23
3 24
18 62
18 23
18 50
2 18
33 45
45 100
29 45
45 64
33 100
29 33
33 75
33 44
29 100
75 100
49 100
21 100
29 75
29 49
29 56
29 76
49 75
56 75
75 79
22 75
49 56
49 79
24 49
31 49
56 79
24 56
2 56
26 56
24 79
2 79
45 79
79 98
2 24
24 45
24 33
24 38
2 45
2 33
2 100
2 28
44 64
21 64
64 76
63 64
21 44
44 76
22 44
44 69
21 76
21 22
21 31
21 53
22 76
31 76
26 76
40 76
22 31
22 26
22 98
9 22
26 31
31 98
31 38
31 66
26 98
26 38
26 28
26 52
38 98
28 98
64 98
39 98
28 38
38 64
38 44
38 77
28 64
28 44
21 28
17 28
63 69
53 63
40 63
35 63
53 69
40 69
9 69
69 80
40 53
9 53
53 66
53 86
9 40
40 66
40 52
16 40
9 66
9 52
9 39
9 48
52 66
39 66
66 77
46 66
39 52
52 77
17 52
47 52
39 77
17 39
39 63
39 73
17 77
63 77
69 77
77 87
17 63
17 69
17 53
13 17
35 80
35 86
16 35
35 68
80 86
16 80
48 80
36 80
16 86
48 86
46 86
67 86
16 48
16 46
16 47
16 37
46 48
47 48
48 73
48 99
46 47
46 73
46 87
46 85
47 73
47 87
13 47
47 83
73 87
13 73
35 73
51 73
13 87
35 87
80 87
87 89
13 35
13 80
13 86
13 55
36 68
67 68
37 68
42 68
36 67
36 37
36 99
36 70
37 67
67 99
67 85
67 97
37 99
37 85
37 83
37 65
85 99
83 99
51 99
74 99
83 85
51 85
85 89
78 85
51 83
83 89
55 83
54 83
51 89
51 55
51 68
51 96
55 89
68 89
36 89
19 89
55 68
36 55
55 67
55 57
42 70
42 97
42 65
42 90
70 97
65 70
70 74
11 70
65 97
74 97
78 97
88 97
65 74
65 78
54 65
65 93
74 78
54 74
74 96
41 74
54 78
78 96
19 78
78 82
54 96
19 54
54 57
54 72
19 96
57 96
42 96
34 96
19 57
19 42
19 70
19 95
42 57
57 70
57 97
12 57
11 90
88 90
11 88
90 93
11 93
88 93
41 90
11 41
41 88
41 93
82 90
11 82
82 88
82 93
41 82
72 90
11 72
72 88
72 93
41 72
72 82
34 90
11 34
34 88
34 93
34 41
34 82
34 72
90 95
11 95
88 95
93 95
41 95
82 95
72 95
34 95
12 90
11 12
12 88
12 93
12 41
12 82
12 72
12 34
12 95
100 400
11 96
43 75
37 59
58 68
17 73
45 54
24 80
30 47
67 98
47 50
8 12
37 71
28 52
57 81
60 71
20 25
38 93
10 16
25 46
2 21
6 32
71 95
21 87
23 47
36 92
50 72
28 37
43 96
1 27
69 70
7 35
1 100
35 83
62 89
45 76
29 75
18 58
36 83
55 58
41 98
15 88
19 47
53 69
14 85
3 82
7 62
90 93
27 35
54 70
82 84
32 58
63 97
6 58
13 85
2 85
86 87
42 52
19 23
33 96
30 91
43 73
59 71
31 45
5 56
35 92
24 58
26 68
22 41
30 50
65 67
39 69
15 67
52 78
19 40
12 14
94 98
40 91
37 60
25 97
34 38
21 85
24 55
20 49
62 92
59 95
21 74
20 79
23 50
16 63
47 72
5 50
15 22
8 74
17 96
1 62
9 43
3 81
69 76
27 89
45 70
35 36
55 80
73 75
15 41
64 94
88 98
98 99
45 53
14 74
15 94
66 78
40 47
5 91
9 75
81 90
46 97
81 82
11 17
34 82
61 84
44 51
20 63
2 13
28 42
10 79
29 43
31 76
2 74
9 17
22 99
49 77
12 86
24 26
26 48
65 94
39 70
23 72
28 78
13 14
37 66
5 72
34 57
61 93
38 84
34 61
13 21
11 29
41 88
78 95
64 65
67 99
4 75
88 99
16 77
3 90
30 72
85 87
48 80
1 89
3 93
45 69
7 36
9 33
82 90
46 79
27 62
70 76
7 92
4 11
64 67
65 88
14 86
53 76
14 87
60 78
29 96
59 66
10 97
4 43
61 81
17 33
44 54
27 92
24 48
20 77
39 53
39 44
52 71
50 91
2 87
38 57
52 60
81 93
16 25
12 21
10 46
6 24
92 100
18 26
28 95
8 21
65 99
23 40
8 13
66 71
22 94
56 72
59 60
50 56
82 93
31 69
62 83
51 76
18 68
83 100
55 68
11 73
41 67
33 75
88 94
53 54
74 85
48 58
3 34
68 80
7 83
9 11
61 90
17 75
32 48
63 77
79 97
6 48
42 59
5 23
73 96
33 43
31 44
24 68
77 97
41 99
30 40
65 98
31 39
71 78
5 40
47 56
28 71
15 98
12 87
37 52
47 91
57 82
25 79
38 61
10 25
21 86
32 55
6 18
52 95
23 56
36 100
40 72
19 50
74 87
9 96
17 43
3 38
7 27
35 62
44 76
36 62
4 29
18 48
83 89
48 55
41 94
15 64
67 88
5 47
22 98
31 53
4 96
19 91
3 84
57 90
46 63
81 84
32 68
63 79
6 68
13 86
12 85
42 71
72 91
31 51
11 43
52 59
19 56
5 19
35 100
49 97
85 86
26 80
2 12
30 56
15 65
39 54
23 91
12 74
89 100
28 66
57 61
25 77
34 93
38 82
26 55
49 79
18 32
41 64
60 95
16 49
15 99
1 83
3 57
51 69
9 73
84 90
20 46
27 36
44 70
35 89
4 73
64 98
8 14
42 66
59 78
40 56
60 66
4 9
38 90
46 77
34 81
17 29
54 76
45 51
27 100
12 13
77 79
39 76
36 89
10 20
2 14
6 26
2 86
18 24
26 32
5 30
22 65
22 64
13 87
52 66
16 79
94 99
19 72
25 63
84 93
6 55
29 73
83 92
11 33
41 65
66 95
4 33
64 88
22 88
53 70
16 97
8 85
1 36
3 61
44 69
58 80
7 89
9 29
34 90
27 83
4 17
51 70
7 100
44 45
11 75
20 97
49 63
32 80
6 80
33 73
74 86
51 53
42 60
100 3459
33 55
15 75
49 87
12 91
30 45
74 83
42 58
13 60
53 99
16 31
21 76
77 89
42 75
43 89
7 99
46 62
50 59
68 81
14 21
1 56
21 59
60 98
61 82
24 96
9 88
26 50
46 79
86 88
33 78
15 78
54 63
2 41
22 38
5 36
96 99
9 39
8 23
49 78
30 38
17 39
74 92
37 42
3 74
79 90
62 64
27 68
80 86
18 58
38 55
21 83
78 96
6 94
46 55
67 94
50 52
36 97
1 15
9 95
46 72
33 69
34 75
72 94
2 34
58 61
5 43
9 46
8 16
49 69
12 73
13 91
17 30
37 81
2 83
3 65
42 44
80 83
27 75
10 51
28 73
13 42
18 51
21 90
77 79
43 75
7 93
46 48
11 20
50 53
68 95
1 6
9 70
65 99
86 90
33 92
34 68
15 96
71 73
72 91
19 99
39 98
22 56
5 18
81 99
27 35
12 66
13 82
17 21
37 96
38 88
42 45
23 31
6 63
27 86
13 33
52 72
38 57
21 97
78 82
25 100
43 54
7 88
11 27
14 64
32 86
41 100
9 77
86 99
15 39
72 84
19 94
58 79
59 69
22 49
5 25
81 90
64 97
12 71
13 73
34 54
74 79
37 71
38 81
55 57
6 40
27 93
31 50
35 45
18 45
53 71
6 73
7 79
68 77
31 65
1 20
56 73
24 100
34 94
15 42
72 73
19 85
58 88
59 80
27 53
47 52
38 90
3 46
59 63
6 33
10 38
28 96
31 57
89 96
52 86
35 40
18 38
38 43
7 66
11 13
14 50
19 61
39 60
33 97
51 55
19 80
58 89
22 67
44 94
27 64
47 59
49 97
20 21
3 37
38 67
23 36
62 93
63 91
28 85
52 91
16 65
18 31
43 47
11 56
50 81
32 65
19 56
39 51
41 89
26 32
12 29
15 60
2 7
59 82
22 76
23 76
44 83
45 93
47 62
20 30
38 76
23 59
6 19
62 86
63 94
10 88
28 46
35 58
16 74
18 24
50 74
14 36
32 74
19 47
56 88
39 54
41 96
44 59
65 70
66 74
12 22
30 100
34 97
19 66
23 67
45 92
12 99
69 82
52 60
20 35
3 55
6 28
63 69
28 35
11 87
31 46
77 97
25 71
11 58
50 67
32 55
19 42
39 45
4 91
5 85
44 52
65 93
66 67
2 17
59 100
22 94
44 65
45 83
8 95
47 80
48 72
69 89
70 87
16 47
37 98
20 44
63 80
10 66
11 82
28 60
48 53
16 96
1 72
25 78
24 48
7 46
26 66
11 33
32 64
41 78
4 68
5 84
29 74
45 74
84 95
47 87
48 77
13 99
70 96
16 56
20 49
25 38
6 14
62 97
10 75
48 62
88 91
35 67
36 81
1 95
4 60
78 97
25 85
24 37
7 37
26 75
11 44
51 67
14 79
32 37
75 77
76 87
39 95
41 53
5 91
9 30
66 93
12 57
30 79
15 24
2 99
23 88
80 99
45 65
8 77
47 90
48 86
13 26
70 89
18 99
20 58
3 4
25 45
11 68
48 59
87 100
35 94
36 90
1 86
53 56
60 80
25 92
24 62
7 32
26 84
82 95
33 44
14 72
32 46
36 39
41 60
5 66
8 53
66 86
30 72
15 31
90 96
40 51
45 64
8 70
47 97
48 83
13 17
89 98
17 84
18 92
57 75
20 63
25 52
35 85
36 95
1 45
53 63
21 40
60 69
61 79
24 59
26 85
29 40
14 65
32 43
36 48
40 91
5 73
64 81
29 87
12 55
17 60
91 95
54 75
37 55
55 73
3 99
40 44
49 50
48 92
70 75
17 75
18 93
57 82
3 22
42 87
25 59
88 98
36 72
1 36
92 99
4 47
60 94
24 52
7 10
46 99
29 63
33 58
41 42
40 84
5 56
9 51
8 43
64 90
49 90
17 51
54 84
37 62
55 68
10 22
48 97
17 66
57 89
20 77
21 71
42 96
43 88
28 29
36 77
1 59
21 54
4 24
60 83
61 93
26 39
29 54
33 49
15 65
75 97
40 73
5 63
9 58
8 36
64 71
49 81
17 42
73 87
54 93
2 79
42 56
10 31
16 17
57 96
20 86
21 78
43 95
67 73
31 99
14 27
1 50
93 99
21 61
61 92
24 66
26 48
46 85
51 98
15 76
22 28
5 38
9 33
8 25
49 88
12 94
30 44
73 94
74 82
2 72
3 80
79 88
13 53
53 100
16 26
21 85
77 90
43 90
7 100
46 61
67 68
50 58
68 84
14 20
1 9
60 97
61 83
26 49
9 89
46 78
85 89
86 87
71 96
54 62
2 48
58 59
76 97
22 37
5 45
9 40
49 79
12 83
13 93
30 37
17 40
74 91
37 43
55 85
3 71
79 95
62 63
80 85
13 52
38 54
21 84
43 65
6 93
67 91
50 51
68 89
36 100
1 16
4 11
26 58
46 71
86 96
33 70
34 74
15 86
72 93
2 33
58 68
22 46
5 44
9 47
8 15
49 70
12 76
30 62
37 82
2 82
3 66
42 43
6 53
80 94
27 76
10 50
28 76
13 43
18 50
38 63
78 88
25 30
6 70
43 76
46 47
11 17
67 86
1 7
9 71
65 100
86 89
33 93
34 67
15 93
71 74
72 86
2 58
58 69
22 55
5 19
81 100
30 55
13 83
17 22
37 89
38 87
23 32
6 62
27 83
10 59
38 40
78 81
43 51
11 28
14 63
1 30
92 93
9 78
86 98
33 84
34 92
2 51
58 78
5 26
81 91
64 100
13 74
34 53
6 39
27 94
10 36
28 90
31 55
89 90
52 80
53 72
43 62
26 100
7 80
31 66
14 56
32 94
1 21
56 76
4 98
51 61
15 47
72 76
19 86
2 12
58 87
59 77
22 57
81 82
47 49
13 65
37 79
38 89
59 64
23 42
62 67
63 81
31 58
35 37
53 79
7 71
11 14
50 95
14 49
39 57
41 83
51 56
34 86
19 77
2 13
5 16
27 61
49 98
38 66
3 38
23 33
62 92
31 33
52 94
53 86
16 68
7 58
14 42
32 68
26 31
65 80
12 32
19 72
2 6
59 95
22 75
44 86
45 94
47 67
70 100
74 97
20 29
3 61
6 18
62 85
63 67
10 87
28 45
35 55
16 73
18 23
24 25
11 64
51 87
14 35
32 73
19 48
41 65
4 85
44 62
66 73
12 21
30 99
59 90
23 68
44 75
45 85
8 97
69 83
52 59
16 33
3 56
23 51
6 27
99 100
63 70
11 88
35 50
16 82
1 66
53 92
56 63
25 72
7 44
11 39
51 82
14 92
32 50
36 51
19 39
75 92
76 92
39 46
4 94
5 86
41 72
44 51
9 17
12 14
59 97
22 93
23 91
44 68
45 84
8 90
84 89
47 77
48 71
70 86
16 42
37 99
20 43
23 54
63 77
10 65
11 95
28 59
48 56
88 93
35 73
16 95
4 54
25 79
24 47
11 34
51 73
36 60
19 34
76 81
41 79
4 67
5 93
9 24
66 91
29 75
23 94
45 75
8 87
84 98
48 80
13 100
70 95
16 55
20 52
3 10
25 39
10 74
11 90
28 52
48 61
35 68
36 84
1 96
4 59
60 74
25 86
24 40
7 38
11 41
14 78
32 40
41 54
4 76
8 63
66 84
29 66
12 60
30 78
54 72
40 53
23 85
27 28
47 95
69 80
70 72
16 64
18 98
57 69
87 97
35 91
36 89
21 26
4 36
60 79
25 93
24 61
7 29
26 83
82 94
29 42
33 45
32 45
36 42
19 20
39 87
40 93
5 67
41 61
8 56
29 89
15 32
54 65
40 46
27 99
8 69
45 57
49 60
48 94
13 18
17 85
57 76
25 53
63 98
36 66
1 46
57 59
21 33
4 41
26 92
7 24
83 93
29 33
33 36
39 74
5 74
61 63
29 88
30 96
17 61
91 96
54 74
37 56
55 74
3 100
40 43
45 56
10 20
49 51
48 91
70 74
18 84
42 86
25 60
1 37
21 48
4 18
60 93
61 71
26 93
7 15
46 98
29 64
33 59
39 65
40 83
5 49
8 38
64 89
49 91
12 47
30 89
73 81
54 83
37 63
45 47
10 21
48 100
17 67
18 85
57 90
20 80
21 72
42 95
28 32
67 79
36 80
1 60
4 23
60 86
24 76
46 91
29 55
71 99
75 98
40 76
9 59
64 66
12 40
30 82
17 43
73 88
37 38
2 78
42 55
10 30
16 20
18 78
57 97
20 85
21 79
42 72
31 100
14 26
1 51
93 100
21 62
61 85
26 47
9 83
46 84
33 73
15 73
22 27
5 39
40 65
8 28
64 79
49 73
12 93
30 43
34 48
17 34
73 95
74 81
37 45
2 71
3 77
42 64
79 85
16 25
20 94
21 86
77 91
42 73
43 71
46 60
50 57
68 83
60 100
61 84
24 90
9 90
26 56
46 77
85 90
33 80
14 100
71 93
54 61
2 47
76 100
22 36
5 46
9 41
8 17
30 36
13 94
17 25
74 90
37 44
2 96
3 72
55 86
80 88
10 16
16 98
20 99
77 82
6 92
46 53
11 23
68 92
32 98
24 87
9 65
26 57
85 97
86 95
34 73
15 91
72 96
2 40
58 67
22 45
5 21
8 10
49 71
30 61
13 85
17 32
73 77
37 83
2 81
3 95
6 52
80 93
27 73
10 49
13 44
52 65
38 62
21 92
78 87
6 69
67 83
31 85
1 8
61 98
9 72
19 97
58 76
22 54
5 20
30 54
13 84
17 23
74 76
37 90
38 86
23 29
6 61
62 80
27 84
13 35
52 74
18 42
38 39
21 99
78 80
43 52
7 86
11 25
68 74
31 96
14 62
32 88
1 31
56 78
9 79
66 100
86 97
33 85
34 91
72 78
19 92
2 50
58 77
59 67
22 63
5 27
44 98
27 44
13 75
37 65
38 95
3 81
55 63
23 24
62 73
27 91
10 35
28 89
31 56
89 91
52 79
35 43
18 35
43 59
7 77
68 79
31 71
14 55
32 93
1 22
93 95
56 75
51 62
34 84
15 48
19 83
58 86
81 83
47 50
13 66
73 98
37 80
38 72
62 66
63 82
10 44
53 80
16 70
18 28
7 72
50 94
31 74
14 48
39 58
41 84
12 26
33 99
34 85
15 55
51 53
19 78
2 4
58 95
22 65
5 9
44 96
27 62
47 57
38 65
3 35
94 100
6 24
63 89
28 87
31 34
35 61
16 67
18 29
53 87
43 45
51 93
32 67
75 87
39 49
41 91
5 97
9 100
12 31
15 58
19 69
2 5
44 85
70 99
20 32
23 57
6 17
62 84
63 68
10 86
28 48
31 41
35 56
53 94
1 76
25 66
24 28
11 61
19 45
39 44
4 88
44 61
65 72
66 80
12 24
30 98
2 30
22 83
23 65
44 78
45 86
8 100
47 75
69 84
52 62
20 37
23 52
63 75
28 37
87 93
35 79
16 81
1 67
77 99
25 73
11 40
50 65
36 54
19 40
41 73
4 93
9 18
29 77
12 13
2 23
59 98
22 92
23 92
44 67
45 77
8 89
47 78
69 91
70 85
16 41
20 46
3 16
25 33
10 72
11 96
48 55
87 88
88 96
35 74
16 90
1 90
4 53
25 80
24 42
7 36
26 72
82 99
14 84
15 100
36 59
19 31
41 80
4 70
65 86
29 76
15 19
40 63
23 83
84 97
47 85
48 79
13 29
16 50
20 51
3 7
25 40
6 12
10 73
11 71
28 51
48 64
35 65
36 83
1 81
4 62
60 73
25 87
24 39
7 27
26 73
11 42
51 65
14 77
32 39
19 26
41 55
4 75
5 69
9 32
66 83
29 67
12 59
30 77
15 22
40 56
45 67
8 79
47 96
48 88
69 73
70 71
16 63
18 97
20 60
25 47
11 66
67 99
35 92
36 92
1 88
21 27
60 66
25 94
24 64
7 30
26 82
33 46
14 70
32 48
39 88
41 62
5 68
8 55
64 86
30 70
54 80
40 45
27 100
8 72
45 58
48 93
13 19
18 90
57 77
20 65
43 100
11 73
35 83
53 57
1 47
57 60
4 44
60 71
24 53
7 21
26 91
82 86
29 34
33 37
39 79
61 64
9 14
8 48
64 83
29 81
12 41
91 93
3 97
45 49
49 52
70 73
17 77
18 83
57 84
20 74
42 85
10 100
88 100
36 74
1 38
21 41
4 17
60 96
61 72
26 36
7 16
46 97
29 57
33 60
41 44
40 78
5 50
9 53
64 92
49 92
12 34
30 88
17 53
73 82
54 82
37 64
55 66
45 48
10 28
48 99
17 68
18 76
57 91
20 79
42 94
43 86
67 80
36 79
1 61
4 26
60 85
61 95
24 75
26 37
33 51
15 71
71 100
40 75
9 60
8 30
64 65
12 39
30 81
17 44
73 89
54 91
37 39
10 29
13 64
16 19
18 77
57 98
77 93
42 71
67 71
31 97
14 25
1 52
21 63
61 86
24 68
26 46
46 83
33 74
15 74
71 91
22 26
5 40
40 68
9 35
8 27
64 74
49 74
12 96
30 42
17 35
73 96
74 88
55 84
2 70
42 63
79 86
27 72
16 28
18 70
20 93
21 87
77 92
42 80
43 72
6 82
46 59
14 18
1 11
56 98
4 8
60 99
26 55
9 91
46 76
14 99
15 81
71 94
54 60
2 46
22 35
5 47
8 20
49 65
12 85
13 95
34 40
2 95
3 69
79 93
80 87
27 79
10 15
13 46
16 97
18 63
38 52
77 83
78 93
43 79
46 52
67 89
31 83
1 2
24 82
9 66
26 64
85 98
86 94
33 72
15 92
71 85
2 39
58 66
22 44
5 22
8 9
49 72
12 78
30 60
73 78
37 84
2 88
3 96
23 27
6 51
80 96
27 74
10 56
28 78
13 37
78 86
25 32
43 74
7 84
11 31
67 84
61 99
9 73
33 95
34 65
90 100
2 64
58 75
22 53
5 29
12 67
34 50
74 75
37 91
38 85
6 60
27 81
10 57
28 67
13 36
18 41
1 97
21 100
43 49
7 75
31 93
14 61
32 87
1 32
92 95
56 77
66 99
33 86
15 38
72 77
19 89
2 49
58 84
59 68
22 62
5 28
81 93
27 41
47 48
37 66
55 64
3 82
6 37
62 72
27 92
10 34
31 53
89 92
35 44
53 66
38 47
43 60
26 98
7 78
14 54
32 96
93 96
56 70
4 100
51 59
19 84
2 10
58 85
59 75
22 71
81 84
27 52
47 55
13 67
73 99
37 73
59 62
6 46
10 43
28 81
31 64
53 73
16 69
7 69
31 79
14 47
32 69
56 67
41 85
12 25
33 100
51 54
15 56
2 3
59 86
22 80
44 95
27 59
47 58
49 100
20 26
3 36
38 80
94 99
23 39
6 23
62 90
63 90
10 84
28 42
52 96
35 62
16 78
18 20
53 88
43 46
24 30
7 64
11 51
51 94
14 40
32 78
19 51
75 88
56 92
39 50
5 98
26 29
65 66
12 18
15 63
54 98
19 70
2 28
59 93
23 79
44 88
45 96
47 65
69 86
70 98
16 38
20 31
3 59
38 73
6 32
62 83
63 65
31 42
35 53
16 75
1 77
18 21
53 95
24 27
7 55
50 79
51 85
14 33
32 75
75 95
39 41
4 87
44 64
65 89
66 79
12 23
30 97
2 29
22 82
79 99
44 77
8 99
47 76
20 40
95 99
23 49
6 25
63 76
10 94
28 40
35 80
16 84
1 68
56 57
77 100
7 42
11 37
50 72
51 80
14 90
32 52
36 53
19 37
75 90
76 94
41 74
4 96
44 53
9 19
65 96
66 72
29 78
12 16
55 100
2 22
22 91
23 89
44 70
45 78
84 91
47 83
48 65
69 92
70 84
17 98
16 44
20 45
10 71
11 93
28 61
48 50
35 71
21 22
4 56
25 81
24 41
7 33
82 98
11 48
51 71
14 83
15 97
36 62
19 32
39 91
4 69
5 95
41 49
44 46
9 26
65 87
66 89
29 69
15 20
22 100
23 84
40 58
45 69
8 81
84 100
47 86
48 74
13 30
70 93
17 89
16 49
20 54
3 8
42 97
25 41
6 11
10 80
11 72
28 54
35 66
36 86
4 61
60 76
25 88
26 80
7 28
29 45
51 66
14 76
32 34
75 76
41 56
4 78
5 70
8 57
66 82
29 68
30 76
15 27
90 92
54 70
40 55
45 68
8 74
48 87
13 21
69 74
17 96
57 71
20 59
94 96
25 48
11 79
67 100
36 91
21 28
4 38
60 65
25 95
26 81
7 19
82 84
83 100
29 44
33 47
14 69
36 44
39 85
40 95
41 63
64 85
29 91
12 51
15 30
90 93
54 79
40 48
27 97
45 59
49 62
17 87
18 89
20 68
3 26
42 83
35 84
36 68
1 48
53 58
57 61
61 74
24 56
26 90
82 85
83 91
50 100
39 80
9 15
64 94
29 82
17 63
91 94
37 50
55 80
3 98
10 18
52 98
17 78
18 82
57 85
20 73
42 92
25 62
10 99
68 98
88 99
36 73
1 39
60 95
61 65
24 77
7 13
46 96
29 58
41 45
5 51
64 91
12 33
30 87
17 54
73 83
37 57
2 75
55 71
10 27
28 97
17 69
16 21
18 75
57 92
20 82
42 93
1 62
21 49
4 25
60 88
61 96
26 44
97 98
29 49
85 86
33 52
15 72
71 97
40 70
9 61
49 84
73 90
37 40
2 68
55 90
79 84
13 57
16 30
18 68
57 99
20 87
42 70
6 88
67 72
31 98
14 24
21 64
61 87
24 67
9 85
85 93
71 92
2 44
40 67
5 33
96 98
9 36
8 22
49 75
12 95
30 41
34 46
74 87
55 81
2 69
42 62
27 69
42 79
46 58
67 95
14 17
56 97
26 54
9 92
33 66
14 98
71 83
54 59
2 45
22 34
5 48
9 43
8 19
49 66
12 88
30 34
34 39
17 27
37 86
2 94
3 70
80 82
27 80
10 14
13 47
18 62
38 51
21 95
77 84
78 92
25 26
6 90
7 90
43 80
46 51
67 90
50 56
31 84
68 94
1 3
4 16
24 81
9 67
46 68
29 30
85 99
86 93
33 89
34 79
71 86
58 65
39 99
27 40
8 12
12 77
13 87
30 59
73 79
37 93
2 87
3 93
23 28
6 50
27 87
10 55
13 38
52 67
18 55
38 60
78 85
25 97
6 67
43 55
67 81
31 91
61 100
33 96
34 72
15 36
71 77
72 87
90 99
2 63
58 74
22 52
27 47
12 70
13 78
37 92
6 59
62 78
27 82
28 70
31 51
52 76
18 48
1 98
43 50
6 76
7 76
68 76
31 94
14 60
32 82
1 17
56 80
66 98
33 87
71 72
19 90
58 83
59 65
22 61
81 94
44 100
27 42
13 69
37 67
38 93
3 47
55 61
6 36
62 71
31 54
89 93
52 81
53 67
18 33
43 57
26 97
7 67
63 64
31 69
14 53
32 95
1 24
4 99
91 99
19 81
58 92
81 85
44 89
27 49
47 56
13 68
73 100
37 74
38 70
3 42
55 56
23 45
62 96
10 42
28 84
31 61
52 90
35 36
18 26
53 74
50 84
19 57
56 94
39 64
41 86
26 27
65 76
19 76
58 93
44 82
27 60
47 63
30 31
38 79
3 33
94 98
23 40
62 89
63 95
10 83
31 40
52 95
35 59
16 77
18 19
53 81
7 61
11 52
50 85
51 91
14 39
32 77
19 52
75 85
56 91
4 81
5 99
65 67
12 17
34 100
15 64
54 97
19 67
2 27
22 88
23 80
45 89
12 98
69 87
20 34
3 60
23 63
6 31
10 92
28 34
87 92
53 96
16 86
25 68
7 56
11 59
51 86
14 96
75 96
39 42
4 90
41 68
65 90
2 20
22 81
23 71
79 100
44 80
45 88
8 94
69 94
52 64
16 46
3 51
95 100
10 93
11 83
28 39
16 83
56 60
4 50
60 61
7 47
11 38
51 77
14 89
32 51
36 56
19 38
41 75
4 95
5 81
9 20
65 81
66 71
29 79
12 15
55 97
2 21
22 90
23 90
44 69
45 79
8 91
84 94
48 68
70 83
17 99
16 43
3 14
25 35
28 64
11 94
35 72
21 23
4 55
78 100
25 82
7 34
82 97
51 72
14 82
15 98
19 29
39 92
41 50
5 96
9 27
65 88
66 96
29 70
15 17
40 57
80 98
27 32
8 84
84 99
47 91
13 31
70 92
17 90
57 65
20 53
38 99
25 42
6 10
10 79
28 53
48 58
35 95
36 85
1 83
4 64
60 75
25 89
24 33
82 90
33 41
14 75
36 38
19 24
41 57
4 77
5 71
66 81
29 93
12 61
30 75
15 28
90 91
40 50
8 73
47 94
48 82
13 22
69 75
17 81
57 72
20 62
3 32
94 95
25 49
11 80
67 97
36 94
21 37
4 37
60 68
25 96
24 58
7 20
26 88
82 83
29 37
14 68
32 42
36 43
41 64
8 49
64 88
12 54
30 68
17 57
40 47
8 66
70 78
17 88
18 96
57 79
20 67
95 96
42 82
35 81
36 67
92 98
21 36
61 75
24 55
7 11
26 89
29 36
33 39
5 53
8 42
29 83
30 93
17 64
54 87
37 51
45 51
10 17
49 54
52 97
18 81
57 86
20 76
3 18
42 91
25 63
10 98
68 97
36 76
1 40
4 19
60 82
61 66
26 34
7 14
46 95
29 59
33 62
5 52
9 55
49 94
17 55
54 96
37 58
2 74
55 72
42 51
10 26
17 70
18 74
57 93
20 81
42 68
43 84
35 99
21 50
4 28
60 87
61 89
24 69
26 43
97 99
46 88
33 53
15 69
54 56
22 31
5 59
9 62
8 32
49 85
12 89
30 47
17 46
54 89
55 95
79 81
13 58
53 97
16 29
18 67
57 100
20 90
21 74
77 95
42 69
46 64
11 100
67 69
14 23
1 54
21 57
61 88
24 94
46 81
85 94
33 76
15 80
2 43
9 37
8 21
64 76
49 76
12 82
30 40
34 45
17 37
74 86
2 92
42 61
79 92
13 49
18 60
77 86
42 78
43 70
6 96
67 96
50 62
68 88
14 16
1 13
56 100
4 10
26 53
9 93
46 74
33 67
14 97
15 87
71 84
54 58
72 100
2 36
22 33
5 41
8 14
12 87
13 89
30 33
3 67
6 56
80 81
10 13
13 48
16 99
38 50
21 96
78 91
46 50
11 22
67 87
50 55
31 81
32 99
68 93
1 4
4 15
24 84
9 68
26 62
29 31
85 100
86 92
33 90
34 78
71 75
22 42
5 24
81 97
8 11
30 58
34 63
17 19
73 80
37 94
2 86
3 94
42 47
23 25
80 90
27 88
10 54
28 80
38 59
78 84
6 66
7 82
11 29
68 70
31 92
1 27
41 98
9 75
33 81
34 71
72 82
19 96
2 62
58 73
22 51
5 31
27 48
12 69
13 79
30 51
34 56
37 69
38 83
55 59
62 77
27 95
10 63
28 69
31 52
52 75
35 47
18 47
1 99
53 69
43 63
6 75
7 73
14 59
24 98
66 97
33 88
34 96
15 44
72 79
58 82
22 60
5 6
40 98
44 99
27 55
81 95
37 68
38 92
3 48
55 62
23 43
6 35
27 90
10 40
31 59
89 94
35 42
18 40
53 68
38 45
43 58
7 68
11 15
50 90
31 70
14 52
32 90
19 63
56 72
51 57
34 81
15 51
58 91
59 73
22 69
5 13
81 86
27 50
37 75
3 39
59 60
23 46
6 44
62 95
63 85
10 41
28 83
53 75
16 71
18 25
7 59
31 77
32 71
19 58
41 87
65 77
29 99
12 27
51 52
15 54
19 73
58 100
59 84
5 12
44 81
27 57
47 64
20 28
38 78
23 37
62 88
10 82
31 37
53 82
16 80
43 44
24 32
7 62
11 49
50 76
51 92
14 38
32 80
19 49
56 86
39 56
41 94
5 100
44 57
65 68
15 61
2 26
59 91
22 87
23 77
44 74
45 90
47 71
12 97
69 88
52 58
16 40
20 33
3 57
6 30
28 33
87 89
35 51
1 79
56 62
11 60
51 83
14 95
32 53
36 50
19 44
56 83
41 69
66 77
22 96
23 72
79 97
44 79
45 81
84 88
47 74
69 95
52 63
16 45
3 52
95 97
6 7
63 74
28 58
11 84
35 78
16 94
1 70
4 49
60 64
25 76
26 68
11 35
50 70
14 88
32 62
19 35
76 96
41 76
4 66
44 55
9 21
65 82
66 70
55 98
22 89
23 95
45 80
8 86
48 67
13 97
69 70
70 82
16 54
20 47
3 11
25 36
62 99
10 69
28 63
48 52
88 89
35 69
16 91
4 58
25 83
7 39
11 46
14 81
32 59
36 64
19 30
76 85
39 89
5 89
9 28
8 62
66 95
29 71
15 18
22 98
23 82
80 97
27 29
8 83
47 92
70 91
17 91
16 51
57 66
20 56
3 6
25 43
6 9
28 56
11 70
35 96
53 54
1 84
21 31
4 63
24 36
7 26
26 78
82 89
29 47
33 42
14 74
36 37
39 84
4 80
5 72
41 58
8 59
66 88
29 94
12 64
30 74
15 25
54 68
40 49
45 62
47 99
48 81
13 23
49 57
69 76
17 82
16 60
57 73
20 61
3 29
25 50
63 99
11 77
67 98
35 87
36 93
1 43
53 61
21 38
4 40
61 77
26 87
7 17
14 67
32 41
36 46
39 75
5 79
9 10
29 85
12 53
30 67
17 58
37 53
55 75
40 42
45 53
8 65
49 64
17 73
18 95
20 70
35 82
36 70
1 34
53 60
57 63
21 45
4 45
92 97
61 76
26 96
7 12
83 89
29 61
33 40
39 78
40 82
5 54
8 41
64 96
17 49
54 86
55 78
45 52
10 24
52 100
17 80
18 88
20 75
42 90
25 64
6 100
10 97
68 100
36 75
21 44
4 22
60 81
61 67
24 79
29 60
33 63
15 67
75 99
39 69
40 79
41 47
64 69
49 95
17 56
73 85
37 59
10 25
28 99
16 23
18 73
21 68
14 29
35 100
93 97
21 51
97 100
24 72
26 42
46 87
29 51
85 88
33 54
51 100
15 70
22 30
5 60
40 72
9 63
8 31
64 78
30 46
34 43
17 47
73 92
2 66
42 59
13 59
53 98
16 32
18 66
20 89
21 75
77 96
6 86
46 63
11 97
67 70
14 22
21 58
61 81
24 93
26 51
46 80
85 95
33 77
15 77
54 64
22 39
5 35
8 24
64 75
49 77
12 81
30 39
34 36
17 38
37 41
55 87
3 73
79 89
27 67
10 11
38 56
77 87
42 77
43 67
46 56
67 93
50 61
14 15
36 98
56 99
4 9
24 86
9 94
26 60
46 73
33 68
34 76
15 88
54 57
72 99
58 62
22 48
9 45
49 68
12 74
13 90
17 29
73 74
74 94
37 88
2 84
3 68
80 84
10 52
28 74
13 41
38 49
77 78
78 90
25 28
7 96
46 49
11 19
67 88
50 54
31 82
68 96
24 83
9 69
65 98
46 66
86 91
33 91
34 77
15 95
2 60
58 71
39 97
22 41
12 79
13 81
30 57
3 91
23 26
6 64
80 89
27 85
10 53
28 79
13 40
52 69
18 53
38 58
78 83
43 53
7 87
11 30
68 69
41 99
9 76
33 82
34 70
15 34
72 81
19 93
59 72
5 32
81 89
64 98
12 72
13 80
30 50
74 80
37 70
3 86
62 76
27 96
10 62
28 72
31 49
35 48
53 70
1 100
43 64
31 68
32 84
1 19
56 74
24 97
51 63
15 41
72 74
2 54
58 81
22 59
81 96
27 56
13 71
37 77
38 91
3 45
23 44
62 69
63 83
10 39
28 93
31 60
89 95
52 83
53 77
18 39
38 44
11 16
50 89
31 75
14 51
32 89
19 64
39 59
41 81
51 58
34 88
19 79
58 90
59 74
22 68
5 14
81 87
27 63
47 54
37 76
20 22
3 40
38 68
23 35
6 43
62 94
63 86
28 86
98 100
52 92
16 66
18 32
7 60
11 55
50 82
31 78
14 44
56 96
39 62
41 88
65 78
12 30
15 59
2 8
58 99
59 81
22 77
23 75
44 84
27 58
45 100
47 61
74 99
38 77
3 63
62 87
63 93
10 81
28 43
35 57
16 79
1 73
53 83
24 31
7 51
11 50
51 89
14 37
19 50
4 83
44 60
65 69
66 75
12 19
34 98
15 62
19 65
22 86
23 78
45 91
47 72
69 81
52 57
16 39
20 36
6 29
63 72
10 90
28 36
31 45
87 90
35 52
53 90
1 80
56 61
25 70
7 54
11 57
51 84
14 94
32 56
36 49
75 94
76 90
39 48
4 92
41 70
65 92
66 68
2 18
22 95
23 69
79 98
45 82
8 96
84 87
47 79
48 69
69 96
16 48
37 97
3 49
95 98
35 75
16 93
60 63
25 77
24 45
7 45
11 36
51 75
32 61
36 58
19 36
76 95
41 77
5 83
65 83
15 16
40 62
44 71
45 73
8 85
47 82
13 98
69 71
70 81
16 53
20 50
3 12
6 15
28 50
11 92
36 82
1 94
4 57
25 84
24 38
7 40
11 43
51 70
14 80
32 38
36 63
19 27
76 88
41 52
44 47
9 29
66 94
29 72
12 58
30 80
15 23
22 97
23 87
80 100
27 30
8 78
45 72
47 89
48 75
69 78
70 90
16 62
18 100
57 67
20 55
25 44
28 55
11 67
48 60
87 99
35 93
36 87
1 85
53 55
4 34
25 91
24 35
7 31
26 77
82 96
29 48
33 43
14 73
32 35
36 40
19 22
76 77
39 81
4 79
5 65
41 59
8 54
66 87
12 63
30 73
15 26
54 67
40 52
45 63
8 75
47 100
48 84
89 97
3 30
25 51
63 100
35 88
36 96
1 44
21 39
4 39
60 70
61 78
24 60
7 18
26 86
83 95
29 39
33 34
32 44
36 45
40 92
9 11
64 82
12 56
30 66
17 59
54 76
55 76
45 54
48 89
57 81
20 69
42 88
25 58
36 69
92 100
57 64
21 46
61 69
7 9
83 90
46 100
29 62
50 97
39 67
40 81
5 55
9 50
8 44
64 95
49 89
37 61
55 67
10 23
49 56
52 99
18 87
57 88
20 78
21 70
42 89
28 30
36 78
1 58
4 21
60 84
61 68
24 74
26 40
46 93
29 53
33 64
39 70
40 74
41 48
8 33
49 96
30 84
17 41
73 86
54 94
55 70
2 80
42 49
79 80
10 32
13 61
17 72
16 18
18 80
20 83
42 66
14 28
35 97
1 49
93 98
4 30
61 91
9 81
46 86
29 52
100 1681
30 82
1 87
65 66
27 68
4 8
68 85
2 54
11 42
10 69
35 66
47 98
20 93
51 100
3 12
14 31
40 80
29 57
48 55
6 44
5 100
12 60
3 56
11 40
1 71
22 95
8 46
57 85
25 54
53 65
29 64
57 66
40 97
49 70
25 47
79 86
14 48
5 49
31 60
1 69
94 96
27 91
8 68
4 64
54 66
35 97
30 33
32 67
70 80
47 55
11 41
25 29
27 48
5 17
23 60
45 52
11 98
20 94
10 71
46 64
5 84
14 97
15 32
5 47
46 49
11 29
5 59
54 60
28 74
33 45
25 98
65 76
8 54
85 99
53 91
66 84
42 48
47 66
27 51
5 27
57 60
64 74
1 45
28 100
6 74
47 53
6 59
35 40
29 84
42 97
32 39
37 51
3 17
72 93
35 60
2 74
43 45
57 98
28 38
20 67
3 11
53 68
6 17
17 84
42 80
10 52
51 55
41 54
30 86
44 100
58 72
3 60
14 74
23 100
3 8
67 96
16 19
29 53
6 49
42 59
9 52
9 87
59 91
51 57
23 41
8 37
82 86
35 74
14 28
12 84
19 89
6 28
2 55
17 42
51 65
66 76
17 91
35 56
41 68
37 70
72 94
38 74
25 59
28 35
2 23
6 64
49 57
14 56
77 92
71 90
41 59
37 46
55 59
5 28
23 40
26 90
19 93
53 76
10 78
17 57
76 97
16 89
66 91
2 56
90 96
37 68
9 43
11 64
39 87
28 54
23 35
47 99
26 79
70 100
2 38
42 51
20 33
12 64
14 55
4 100
56 64
29 37
10 43
25 40
37 44
39 94
3 35
91 99
15 26
6 76
6 42
60 99
12 28
31 54
58 71
14 57
4 40
31 53
86 90
65 98
17 55
44 91
27 85
50 88
39 69
23 91
14 99
26 82
3 57
11 46
12 49
23 31
58 81
2 4
7 62
25 65
44 59
47 85
13 34
81 82
35 99
30 89
9 79
4 12
31 68
76 91
48 65
2 27
44 68
17 85
10 81
42 100
69 94
40 99
27 70
15 93
11 68
30 79
31 46
48 100
82 89
40 100
1 33
64 65
27 49
8 14
49 85
54 57
38 42
69 87
25 66
47 70
47 59
67 93
19 79
12 76
4 31
35 80
2 29
40 48
44 53
60 74
56 76
1 52
8 17
80 85
54 55
6 53
64 80
66 98
55 97
17 70
50 83
35 47
32 79
29 40
2 48
5 68
47 60
1 43
10 94
27 56
62 73
49 64
37 84
64 66
57 97
33 96
34 61
32 94
29 70
31 76
38 41
29 35
8 48
5 29
28 60
16 45
38 98
82 94
17 64
48 84
97 98
32 89
47 48
46 68
3 29
4 5
60 97
23 74
45 87
17 98
38 65
8 97
60 85
8 53
25 35
64 84
5 42
47 64
49 68
51 56
5 56
72 86
2 60
66 74
14 98
27 76
65 74
53 70
6 98
80 84
42 54
32 93
41 51
27 41
39 72
40 60
57 74
45 69
9 67
49 100
46 53
6 46
49 84
29 42
52 96
25 51
10 87
41 64
38 44
19 72
60 76
55 74
44 84
23 38
8 76
30 67
19 52
53 80
6 70
42 68
52 71
9 33
91 98
2 51
41 48
27 37
20 86
10 72
25 74
4 28
74 84
15 19
11 38
6 23
2 40
42 46
6 51
3 66
46 91
46 56
90 94
41 49
86 93
9 72
74 76
35 59
25 28
23 29
26 43
6 66
57 68
14 38
56 98
9 90
41 80
17 37
85 100
64 100
3 59
23 55
26 81
19 39
8 12
14 100
16 33
91 97
10 90
37 59
20 43
5 44
15 89
15 39
28 64
5 23
28 99
2 76
20 87
12 54
30 58
14 49
16 67
54 56
37 80
25 55
41 44
39 52
11 35
56 99
26 89
3 6
42 65
74 99
5 12
31 64
9 58
2 14
4 68
6 31
39 90
59 65
17 40
8 44
8 85
67 81
8 23
4 99
16 26
57 76
52 79
12 68
31 48
43 58
4 57
35 65
27 98
4 44
41 85
20 81
84 100
25 99
76 100
54 70
47 100
68 100
71 79
12 29
31 49
11 48
3 91
37 65
27 57
44 46
18 63
46 85
81 96
67 69
76 99
8 70
87 93
38 68
31 80
15 82
1 89
54 65
27 55
8 98
4 85
54 80
33 69
17 66
4 47
16 93
45 79
12 38
31 59
25 80
48 68
31 44
38 56
1 94
33 94
8 25
29 85
40 54
57 64
69 81
14 66
49 97
32 71
46 70
46 47
79 93
76 80
29 55
48 57
5 40
60 70
20 45
1 81
27 66
64 68
41 84
2 97
10 33
32 52
4 70
3 31
41 100
48 54
5 80
56 60
45 67
98 100
71 94
8 56
30 71
53 64
8 84
63 77
64 97
32 33
8 47
40 46
51 97
37 38
29 76
5 97
60 66
70 74
15 45
46 98
11 65
8 66
6 85
9 71
27 53
17 35
54 84
41 42
47 54
55 68
51 91
37 100
17 100
5 91
32 72
29 60
74 97
4 98
3 27
31 74
37 53
6 14
57 84
42 64
52 89
47 51
8 41
86 87
72 79
55 60
74 80
45 90
67 71
38 49
9 19
17 53
6 35
68 84
2 42
30 52
2 91
35 51
87 96
10 86
11 44
45 72
40 74
28 80
42 84
11 23
19 94
53 59
6 47
42 49
52 82
9 89
14 91
14 51
5 41
37 64
9 86
72 96
28 59
53 84
19 87
6 91
2 68
51 60
11 66
35 91
17 56
52 90
41 55
39 86
11 85
71 72
3 74
54 100
46 59
17 28
23 80
26 69
55 100
6 97
2 57
40 57
11 14
10 16
56 59
33 90
29 41
25 37
16 43
59 76
30 39
23 49
26 58
19 86
12 27
15 58
14 46
16 87
4 37
43 82
44 48
39 89
27 28
23 48
23 99
11 70
2 3
15 20
12 37
58 96
14 68
4 11
29 65
30 43
25 49
44 64
16 39
35 38
23 64
66 99
26 33
42 99
12 99
12 48
27 31
20 58
14 29
4 49
31 65
90 93
4 65
17 68
27 44
54 85
16 81
23 27
59 99
26 67
38 57
46 100
79 94
12 40
5 31
58 69
4 80
9 82
46 65
14 27
14 44
37 85
81 89
69 82
17 99
10 89
64 70
79 87
12 80
31 55
38 48
1 96
41 65
27 35
17 44
35 85
4 54
30 81
16 69
3 99
66 68
48 70
33 93
10 79
29 31
17 48
82 87
1 15
8 65
27 40
8 57
59 85
29 54
69 89
46 66
29 47
52 93
3 51
1 79
11 12
17 80
48 49
12 44
3 5
11 56
1 67
87 94
8 35
54 68
2 64
43 81
4 66
68 97
9 32
35 70
17 47
39 79
3 80
29 49
48 80
5 55
37 60
45 82
1 90
27 97
15 71
40 64
47 84
29 97
10 32
59 70
11 31
25 38
48 64
5 57
60 91
30 45
65 100
9 94
8 91
71 96
53 54
27 84
54 97
32 87
27 47
46 55
51 66
11 37
25 100
5 66
59 60
47 74
45 89
68 98
21 61
65 85
5 53
35 46
14 84
37 42
40 68
23 51
72 81
60 80
74 91
59 98
11 27
53 74
41 53
2 6
2 84
27 42
15 52
32 86
51 70
87 89
41 91
33 86
26 72
49 60
29 74
45 81
67 87
11 49
19 71
25 53
6 25
40 84
42 57
52 67
9 96
57 91
46 51
30 87
37 41
52 86
3 44
72 89
68 74
28 29
3 23
51 84
10 67
4 53
6 41
2 17
42 55
20 52
66 100
9 15
55 91
51 98
35 41
37 54
71 86
30 72
11 54
29 59
28 68
31 84
11 55
19 33
6 56
2 49
51 99
38 66
12 53
25 91
49 56
16 90
40 41
5 37
69 86
38 85
72 82
17 59
28 46
23 59
26 39
53 100
55 57
20 82
97 100
3 14
4 56
87 90
2 41
35 37
43 67
10 15
38 59
39 96
23 68
1 26
19 32
20 30
12 56
58 89
14 17
16 71
56 91
14 37
15 43
25 46
23 44
20 39
8 28
48 99
10 26
40 49
38 70
20 89
12 41
16 58
14 59
4 38
65 80
43 96
25 68
44 54
39 67
35 100
23 54
97 99
26 87
42 60
31 99
12 25
8 31
58 82
14 80
4 17
43 90
49 65
17 49
44 57
64 85
52 81
3 84
80 99
26 94
3 47
11 57
67 79
12 55
31 41
39 58
4 29
91 100
71 82
17 65
4 27
44 98
48 85
15 81
20 69
46 99
66 70
10 93
33 79
12 57
31 40
3 76
1 58
29 80
48 76
1 30
47 65
25 27
25 44
25 85
54 59
69 96
11 99
49 66
5 70
9 93
2 31
68 80
46 48
33 82
3 40
1 82
27 65
2 8
85 98
17 54
15 69
66 80
55 70
47 80
93 94
51 76
58 79
46 80
4 48
44 74
5 76
60 65
1 16
15 94
8 40
49 54
14 64
81 93
59 66
46 97
33 87
20 32
25 70
47 49
69 79
31 100
30 96
11 80
29 68
29 48
5 25
41 60
45 71
1 86
52 94
27 54
71 89
55 64
70 84
80 97
70 98
31 38
11 25
48 66
2 5
8 60
45 96
53 97
56 84
47 56
51 64
3 37
5 48
5 64
4 60
41 74
49 98
31 85
48 53
35 68
84 98
42 70
6 65
28 51
11 17
72 90
46 60
56 74
80 98
28 76
27 38
51 85
40 53
6 57
25 84
22 36
52 87
8 42
49 51
15 87
41 56
86 89
60 68
4 74
32 45
10 96
33 67
3 49
19 82
35 53
6 55
55 84
42 98
16 52
9 30
80 91
17 51
41 70
86 94
44 76
15 72
49 74
2 28
84 85
23 76
10 19
14 53
6 37
2 46
40 42
40 91
51 59
25 41
37 97
67 72
74 100
38 54
59 80
28 49
65 84
38 55
1 19
6 27
12 51
12 31
56 68
67 90
41 98
37 48
43 86
76 85
20 72
49 59
4 23
26 93
38 53
21 88
25 57
20 71
38 97
14 76
16 30
29 56
13 75
15 90
41 57
37 40
43 94
3 64
11 59
10 39
23 46
41 99
26 45
19 81
20 96
12 91
33 58
14 25
24 78
9 16
37 98
43 89
17 25
28 44
39 82
28 91
5 99
49 55
70 76
12 47
58 67
4 14
4 76
57 65
44 97
23 97
54 99
26 71
40 55
6 100
57 100
42 74
3 46
53 99
12 35
31 91
32 58
4 46
69 90
65 68
2 44
66 85
81 94
76 84
29 99
26 52
47 76
16 79
12 14
31 37
58 93
23 65
27 59
40 44
5 85
81 87
9 69
68 99
70 97
93 96
79 89
2 12
31 35
11 76
2 80
3 48
44 51
10 82
65 70
17 27
35 44
55 85
54 98
42 76
30 69
38 99
55 66
28 70
71 93
31 57
49 80
35 48
40 76
1 20
56 65
8 29
14 85
46 54
81 86
29 66
40 70
47 57
69 93
38 51
79 81
12 100
80 100
48 59
44 60
5 38
6 60
56 100
1 93
89 94
8 55
64 98
39 81
17 97
15 33
32 82
2 70
47 68
43 79
41 76
10 30
38 80
29 46
48 91
5 35
5 60
9 45
76 98
1 32
16 94
27 64
33 71
25 64
23 84
59 97
30 32
14 70
23 47
29 100
3 25
48 97
5 14
27 60
48 74
10 45
74 85
53 66
84 91
28 42
47 91
51 54
37 76
5 54
14 60
37 74
19 45
55 98
53 85
23 53
35 49
59 84
42 47
32 43
5 51
17 38
69 72
17 60
27 74
39 45
29 98
3 28
27 100
12 74
53 55
6 80
35 84
42 91
33 52
51 68
41 66
15 86
83 84
38 60
59 74
45 86
8 38
67 89
49 76
19 20
53 57
6 40
14 42
73 75
29 91
29 51
41 47
37 56
67 86
72 87
60 100
17 74
28 57
60 84
8 100
19 96
53 98
6 48
11 100
2 35
35 42
51 53
68 91
4 51
17 41
37 66
16 72
54 76
57 59
28 55
6 84
55 76
19 58
6 8
51 74
12 65
40 56
20 90
14 41
23 37
3 85
59 68
23 28
14 23
26 32
19 69
11 53
35 57
9 20
11 97
16 96
54 91
56 80
89 90
37 55
43 52
64 76
15 30
28 66
17 23
37 99
19 26
19 90
42 44
10 20
12 97
58 87
14 35
18 36
16 20
56 97
37 57
33 43
44 47
39 71
28 56
27 99
26 30
6 11
3 70
2 100
31 42
12 70
31 66
58 94
3 4
81 90
2 65
44 66
85 91
39 93
23 66
64 99
9 26
12 42
46 76
6 99
12 46
31 56
58 86
4 35
40 65
17 46
29 44
85 97
9 81
38 84
2 99
38 47
79 82
12 98
31 70
4 59
11 91
28 65
27 80
44 55
28 85
33 81
69 71
49 99
70 91
30 93
68 76
15 79
38 76
25 31
57 80
44 85
82 96
1 10
65 97
27 46
8 59
40 85
14 54
3 42
99 100
40 66
23 70
14 47
82 93
31 98
55 80
25 48
44 65
38 40
38 100
1 9
65 91
8 80
2 85
35 54
32 81
2 66
68 70
2 47
43 93
11 51
79 90
48 98
44 99
5 11
53 60
1 39
30 94
8 27
8 49
59 64
66 97
25 97
33 89
16 32
57 70
40 47
3 41
17 29
48 56
5 46
48 60
45 94
3 98
67 94
71 87
35 64
28 84
4 97
32 96
28 47
29 38
25 76
5 98
60 64
5 74
35 98
3 65
8 64
12 85
53 56
84 97
23 42
47 97
8 51
5 8
60 98
54 74
45 58
40 98
28 53
4 6
35 55
4 84
42 66
32 69
48 51
17 76
43 72
25 60
8 74
45 93
2 98
11 28
67 82
3 38
49 53
6 29
46 84
42 56
40 51
41 97
86 96
1 72
11 60
74 98
8 11
15 67
3 100
19 67
2 53
6 68
4 42
9 10
4 91
51 80
28 41
37 91
16 86
33 72
46 74
28 98
84 99
19 30
5 6
2 25
25 42
31 51
49 91
25 56
41 46
37 47
52 72
11 74
3 54
2 59
28 40
23 57
3 55
6 54
6 12
55 56
82 90
4 41
28 37
43 69
40 59
28 48
23 98
26 86
19 43
3 53
46 57
3 97
15 16
64 91
56 57
30 90
37 49
43 71
38 64
15 96
59 100
33 39
28 97
23 25
70 99
2 11
42 85
12 66
10 58
14 40
16 82
56 66
2 37
43 87
44 70
9 39
35 76
8 99
26 96
6 38
42 53
12 23
31 97
52 58
4 55
24 95
32 90
14 65
44 56
56 85
7 92
39 43
23 56
98 99
20 26
38 46
65 99
12 17
28 31
58 90
4 25
55 65
44 80
70 85
71 81
11 84
57 99
89 96
11 47
20 79
12 59
31 47
38 91
5 65
27 29
44 49
23 85
54 64
52 69
55 99
56 70
89 93
3 68
79 96
17 31
100 672
3 74
27 35
58 93
37 65
40 66
3 95
6 19
17 21
59 91
48 100
44 50
56 84
33 49
18 61
25 95
3 32
20 36
94 100
28 37
69 81
20 98
50 75
26 37
92 99
66 79
65 77
51 93
47 66
75 97
6 51
26 62
77 92
31 34
19 57
35 39
19 34
2 25
13 47
64 70
29 77
20 85
40 97
23 82
61 67
28 94
7 42
43 72
71 90
78 89
26 72
36 40
1 20
53 63
39 99
5 78
45 98
50 98
37 92
3 58
67 84
33 76
87 95
19 73
45 85
45 48
18 73
63 64
8 100
87 93
21 82
5 18
53 78
15 59
72 89
54 96
42 81
14 80
20 44
23 69
22 76
30 47
3 86
15 57
19 64
31 54
28 29
10 17
67 73
33 48
57 70
12 79
44 55
7 21
27 49
49 94
47 55
38 71
41 71
47 97
9 46
89 99
68 75
3 96
51 96
27 92
36 79
58 59
26 65
71 100
13 66
62 77
1 71
88 100
9 44
73 78
21 25
26 78
17 32
36 98
11 81
76 94
80 81
53 99
44 88
30 50
26 39
52 69
63 89
16 39
79 88
34 93
35 37
51 70
37 62
6 60
49 77
29 92
57 73
13 97
34 61
2 82
67 70
7 24
40 47
23 25
28 90
64 78
8 79
43 53
18 53
65 72
4 40
38 90
1 98
27 39
5 89
25 52
20 45
3 21
13 98
24 80
4 75
3 91
64 84
10 58
6 15
8 76
63 67
33 100
5 73
15 87
82 95
23 95
54 74
3 7
59 93
52 83
14 69
2 69
4 30
52 80
16 53
51 59
20 88
10 86
13 79
48 71
91 95
10 93
6 54
29 49
6 57
3 17
74 91
12 48
57 61
56 70
36 100
12 85
49 71
27 90
55 97
38 48
41 94
12 94
35 38
34 96
41 92
58 87
8 71
4 97
10 91
13 40
2 24
56 64
19 61
28 41
9 50
25 32
8 90
32 86
36 44
11 52
33 94
1 45
53 92
55 88
30 55
26 35
63 78
16 37
29 99
42 52
5 53
13 45
47 98
37 39
51 61
31 60
28 77
31 56
34 70
70 84
79 85
24 32
48 79
56 61
40 55
64 89
8 36
74 87
43 65
18 72
62 78
53 72
38 94
11 83
2 81
60 93
2 14
9 20
39 41
51 74
27 99
15 54
36 45
10 21
40 98
46 47
42 80
86 95
63 84
15 31
76 100
5 19
10 96
54 57
29 38
64 67
8 33
12 88
60 74
7 10
81 83
11 14
9 30
8 22
30 46
53 89
53 62
88 98
3 87
16 65
35 49
58 95
6 56
91 96
48 85
79 100
67 78
33 79
56 73
44 97
27 94
25 86
41 90
22 94
27 37
26 99
79 98
39 65
9 66
46 97
46 68
34 51
62 99
6 31
57 84
39 77
34 84
2 42
9 13
23 24
40 50
29 35
61 73
25 42
43 78
7 25
33 90
32 82
2 11
2 83
1 88
50 68
55 75
16 26
77 99
24 52
5 65
62 65
45 66
66 98
25 80
31 57
19 84
71 76
6 34
36 85
18 64
8 12
87 96
17 82
18 43
59 74
16 78
93 96
23 81
54 93
14 52
20 40
42 69
15 60
22 48
21 87
4 47
21 86
17 95
18 19
10 74
54 56
22 29
17 74
91 93
12 45
58 82
7 86
27 41
38 49
42 86
38 76
22 90
41 76
9 75
30 44
65 89
3 59
28 35
31 96
28 92
58 96
65 92
71 85
55 66
68 97
6 84
31 84
44 47
19 56
61 64
17 25
41 49
21 32
36 88
11 69
71 94
52 81
26 53
13 88
20 66
26 92
69 80
63 72
46 50
37 99
20 79
31 93
51 57
62 92
57 60
38 77
39 92
57 67
29 39
34 56
2 32
13 50
70 73
35 77
85 88
9 40
7 23
22 28
42 82
43 64
1 8
43 89
76 90
72 78
72 99
30 40
11 23
1 66
16 63
5 43
45 88
21 58
44 98
80 82
4 46
3 10
73 84
58 91
15 34
48 76
19 67
64 73
5 64
8 85
60 87
82 86
18 63
23 86
7 58
54 59
15 96
80 83
14 81
13 20
24 69
22 71
21 59
4 68
58 86
15 70
51 54
27 29
6 70
17 91
15 91
56 57
61 70
45 100
1 12
40 44
7 17
27 38
22 49
17 42
9 55
33 38
22 41
47 50
26 89
45 79
58 74
65 99
12 71
44 66
39 62
6 67
13 44
20 100
43 73
61 63
28 49
9 47
32 95
50 97
36 66
11 80
48 94
1 79
37 53
40 88
4 55
26 77
43 63
4 50
16 92
23 52
5 16
6 93
29 37
51 56
34 60
41 77
35 92
31 61
34 57
2 7
19 70
66 85
24 82
23 32
28 38
64 72
24 86
8 45
7 82
16 43
18 89
62 72
22 38
28 39
32 52
5 72
21 91
55 98
47 68
2 80
18 84
15 51
12 76
10 59
54 70
29 90
5 67
33 85
63 73
54 87
15 74
59 60
69 83
30 75
16 89
53 65
31 59
66 88
16 62
35 41
86 91
33 71
10 95
10 60
34 54
29 41
6 61
17 58
87 91
8 48
1 100
12 100
43 67
1 33
56 67
49 76
22 27
28 76
50 55
38 41
8 94
37 89
5 63
46 75
35 90
30 97
31 51
35 62
13 55
2 23
24 42
18 56
72 73
61 84
32 42
9 97
25 82
48 90
7 32
13 36
11 24
1 36
26 29
16 99
35 99
2 52
44 45
9 98
37 77
32 80
51 60
27 77
31 70
1 85
24 25
1 48
23 42
59 87
43 62
18 78
74 96
65 78
16 72
60 96
14 83
24 81
15 93
14 24
20 55
25 69
54 60
22 33
39 49
21 74
47 75
23 80
17 86
5 84
76 85
21 95
19 63
10 87
17 87
18 67
60 91
12 33
19 43
85 100
12 36
3 82
74 93
7 95
27 28
49 90
42 95
59 96
90 94
4 9
12 22
30 68
62 89
100 1190
25 82
25 48
25 44
25 45
13 25
3 25
25 91
25 41
21 25
25 92
25 97
25 72
25 98
25 66
25 79
25 54
17 25
25 56
25 49
23 25
6 25
25 26
42 82
42 48
42 44
42 45
13 42
3 42
42 91
42 65
42 72
42 75
5 42
12 42
42 62
42 100
42 79
42 84
33 42
8 42
42 54
24 42
42 90
19 42
6 42
50 82
48 50
44 50
45 50
13 50
3 50
50 91
2 50
50 65
38 50
50 97
36 50
11 50
50 66
50 52
50 100
4 50
50 77
50 88
50 56
37 50
50 95
50 80
15 50
64 82
48 64
44 64
45 64
13 64
3 64
64 91
2 64
38 64
7 64
64 98
36 64
64 71
64 66
4 64
64 84
64 83
16 64
10 64
64 68
46 64
64 80
47 51
51 82
48 51
44 51
45 51
13 51
3 51
51 91
51 65
11 51
51 71
51 62
51 59
43 51
51 79
51 84
49 51
26 51
51 74
47 82
47 48
44 47
45 47
13 47
3 47
47 91
27 47
38 47
47 58
47 62
10 47
47 77
47 99
47 61
47 49
23 47
47 63
34 82
34 48
34 44
34 45
13 34
3 34
34 91
21 34
34 65
34 72
34 58
34 59
22 34
34 84
10 34
34 54
34 76
34 90
34 86
20 34
19 34
6 34
26 34
48 82
2 82
41 82
39 82
27 82
30 82
29 82
21 82
65 82
59 82
43 82
8 82
24 82
20 82
6 82
82 94
74 82
45 48
2 48
41 48
39 48
27 48
30 48
29 48
21 48
48 98
48 85
48 60
48 100
1 48
20 48
46 48
48 95
44 91
2 44
41 44
39 44
27 44
30 44
29 44
21 44
44 58
44 73
12 44
22 44
1 44
44 49
44 74
2 45
41 45
39 45
27 45
30 45
29 45
21 45
38 45
45 75
5 45
45 62
4 45
45 78
33 45
45 95
15 45
26 45
45 81
45 74
2 13
13 41
13 39
13 27
13 30
13 29
13 21
13 28
13 36
13 14
13 22
13 60
13 43
13 90
13 20
13 56
13 26
2 3
3 41
3 39
3 27
3 30
3 29
3 21
3 7
3 98
3 36
3 11
3 62
3 59
3 55
3 4
3 68
1 3
3 76
3 46
3 23
3 6
3 87
3 18
2 91
41 91
39 91
27 91
30 91
29 91
21 91
58 91
85 91
89 91
91 96
75 91
5 91
12 91
90 91
20 91
87 91
2 57
2 65
2 92
2 38
2 28
2 7
2 97
2 85
2 59
2 32
2 79
2 33
2 16
2 24
2 80
2 23
2 15
2 94
30 41
29 41
41 57
41 65
41 92
38 41
28 41
7 41
41 97
41 72
41 96
41 66
31 41
41 60
41 76
41 86
26 41
18 41
39 57
39 65
39 92
38 39
28 39
7 39
39 97
39 40
39 98
39 73
36 39
39 60
4 39
39 79
39 88
39 80
6 39
39 69
39 74
27 57
27 65
27 92
27 38
27 28
7 27
27 97
27 72
27 85
9 27
27 66
27 32
27 52
27 60
27 100
4 27
27 33
27 99
27 88
27 61
19 27
23 27
27 69
27 94
27 87
30 57
30 65
30 92
30 38
28 30
7 30
30 97
30 66
30 60
23 30
30 67
15 30
26 30
18 30
21 29
29 57
29 65
29 92
29 38
28 29
7 29
29 97
29 89
29 32
29 31
29 79
29 77
29 46
29 93
23 29
21 57
21 65
21 92
21 38
21 28
7 21
21 97
21 98
11 21
21 22
21 32
21 31
21 52
21 55
21 68
21 46
19 21
21 95
6 21
21 94
21 74
57 65
57 72
40 57
57 98
57 58
57 73
57 85
9 57
57 70
5 57
12 57
32 57
57 100
57 78
57 88
57 93
26 57
57 81
7 65
65 72
40 65
65 98
58 65
65 73
65 85
9 65
5 65
52 65
65 84
8 65
1 65
65 76
65 93
18 65
72 92
40 92
92 98
58 92
73 92
85 92
9 92
5 92
59 92
60 92
33 92
92 99
17 92
56 92
80 92
81 92
18 92
74 92
7 38
38 72
38 40
38 98
38 58
38 73
38 85
9 38
38 96
36 38
14 38
22 38
32 38
38 100
38 55
38 78
38 83
24 38
38 88
38 93
38 69
28 72
28 40
28 98
28 58
28 73
28 85
9 28
28 89
28 71
28 59
28 32
28 60
28 83
28 68
24 28
28 35
28 61
20 28
28 49
28 63
28 74
7 72
7 40
7 98
7 58
7 73
7 85
7 9
7 36
7 70
7 12
7 66
7 32
7 55
7 84
7 24
7 35
7 53
7 23
72 97
40 97
97 98
58 97
73 97
85 97
9 97
89 97
75 97
71 97
66 97
31 97
78 97
33 97
8 97
88 97
26 97
87 97
18 97
72 89
72 96
72 75
36 72
11 72
71 72
70 72
5 72
59 72
22 72
32 72
72 100
72 78
10 72
17 72
72 76
72 86
46 72
49 72
15 72
26 72
9 40
40 89
40 96
40 75
36 40
11 40
40 71
40 70
40 62
4 40
40 43
40 84
40 78
20 40
40 46
40 95
26 40
40 81
18 40
73 98
89 98
96 98
75 98
36 98
11 98
71 98
70 98
12 98
62 98
59 98
22 98
79 98
83 98
98 99
46 98
37 98
93 98
63 98
58 73
58 89
58 96
58 75
36 58
11 58
58 71
58 70
58 100
33 58
8 58
58 68
24 58
58 86
20 58
58 95
73 89
73 96
73 75
36 73
11 73
71 73
70 73
73 100
55 73
43 73
73 83
33 73
73 77
1 73
35 73
73 86
19 73
23 73
6 73
85 89
85 96
75 85
36 85
11 85
71 85
70 85
12 85
8 85
35 85
85 90
61 85
85 95
80 85
6 85
9 89
9 96
9 75
9 36
9 11
9 71
9 70
9 59
9 83
9 16
9 24
1 9
9 80
9 74
36 89
70 89
5 89
14 89
12 89
62 89
59 89
66 89
22 89
31 89
55 89
43 89
10 89
8 89
1 89
88 89
89 90
20 89
56 89
89 93
26 89
75 96
71 96
5 96
14 96
12 96
62 96
59 96
66 96
22 96
96 100
84 96
80 96
15 96
94 96
5 75
14 75
12 75
62 75
59 75
66 75
22 75
35 75
19 75
53 75
75 81
5 36
14 36
12 36
36 62
36 59
36 66
22 36
4 36
36 43
36 78
36 77
35 36
20 36
36 46
36 93
26 36
36 81
5 11
11 14
11 12
11 62
11 59
11 66
11 22
11 60
11 78
11 54
11 77
11 76
11 90
11 86
11 93
11 18
5 71
14 71
12 71
62 71
59 71
66 71
22 71
4 71
43 71
71 88
56 71
37 71
71 80
67 71
69 71
26 71
71 87
63 71
5 70
14 70
12 70
62 70
59 70
66 70
22 70
32 70
60 70
70 77
70 99
70 95
70 74
5 62
5 32
5 31
5 52
5 60
5 100
5 55
4 5
5 83
5 16
5 24
5 17
5 20
5 56
5 23
5 67
5 69
14 22
14 32
14 31
14 52
14 60
14 100
14 55
4 14
14 16
14 76
14 90
14 93
14 80
14 74
12 32
12 31
12 52
12 60
12 100
12 55
4 12
12 16
12 68
12 88
12 61
12 67
22 62
32 62
31 62
52 62
60 62
62 100
55 62
4 62
1 62
35 62
20 62
56 62
22 59
32 59
31 59
52 59
59 60
59 100
55 59
4 59
16 59
54 59
46 59
37 59
59 95
59 67
22 66
32 66
31 66
52 66
60 66
66 100
55 66
4 66
43 66
17 66
1 66
35 66
66 86
53 66
66 93
66 80
6 66
66 67
26 66
66 81
22 32
22 31
22 52
22 60
22 100
22 55
4 22
22 84
22 78
16 22
22 68
22 23
15 22
22 94
22 63
18 22
31 32
32 55
32 43
32 79
32 84
32 78
32 83
32 33
16 32
32 94
32 87
32 63
32 74
31 55
31 43
31 79
31 84
31 78
31 83
31 33
16 31
31 99
24 31
17 31
31 76
31 61
26 31
43 52
52 79
52 84
52 78
52 83
33 52
16 52
52 99
17 52
4 60
43 60
60 79
60 84
60 78
60 83
33 60
16 60
46 60
23 60
60 94
60 74
43 100
79 100
84 100
78 100
83 100
33 100
16 100
1 100
76 100
4 55
43 55
55 79
55 84
55 78
55 83
33 55
16 55
10 55
55 77
1 55
55 76
55 61
46 55
37 55
55 93
55 67
4 43
4 79
4 84
4 78
4 83
4 33
4 16
4 77
4 24
4 86
4 49
4 80
4 26
43 79
43 78
43 83
10 43
8 43
43 54
43 77
43 99
43 68
24 43
1 43
43 76
43 61
43 49
43 69
43 87
16 79
10 79
8 79
54 79
77 79
79 99
68 79
24 79
17 79
1 79
35 79
56 79
79 80
15 79
18 79
10 84
8 84
54 84
77 84
84 99
68 84
24 84
61 84
19 84
74 84
10 78
8 78
54 78
77 78
78 99
68 78
24 78
78 86
19 78
78 95
78 80
23 78
78 94
10 83
8 83
54 83
77 83
83 99
68 83
24 83
49 83
6 83
16 33
10 33
8 33
33 54
33 77
33 99
33 68
24 33
33 88
10 16
8 16
16 54
16 77
16 99
16 68
16 24
16 76
16 90
6 16
16 63
16 74
10 77
10 17
1 10
10 88
10 35
10 76
10 90
10 61
10 56
10 23
10 67
10 69
8 17
1 8
8 88
8 35
8 76
8 90
8 61
8 56
8 80
8 69
8 94
24 54
17 54
1 54
54 88
35 54
54 76
54 90
54 61
26 54
17 77
1 77
77 88
35 77
76 77
77 90
61 77
46 77
77 95
63 77
17 99
1 99
88 99
35 99
76 99
90 99
61 99
20 99
53 99
81 99
18 99
24 68
17 68
1 68
68 88
35 68
68 76
68 90
61 68
68 95
53 68
17 24
1 24
24 88
24 35
24 76
24 90
24 61
24 46
24 56
24 67
24 26
24 87
24 81
24 74
17 35
17 90
17 20
17 46
17 95
17 67
17 94
1 88
1 53
1 94
1 87
1 74
56 88
49 88
6 88
63 88
20 35
35 93
23 35
6 35
35 69
76 86
15 76
87 90
81 90
19 61
49 61
61 95
53 61
61 67
15 61
61 74
81 86
19 20
20 23
20 94
20 63
23 46
46 94
46 81
18 46
56 67
18 56
37 49
23 37
37 87
37 63
19 53
19 93
6 19
19 94
19 74
69 95
15 95
63 95
53 80
26 53
53 94
80 93
63 93
23 26
23 81
6 69
26 67
67 81
18 26
18 74
100 1032
61 94
61 84
59 61
61 79
37 61
27 61
42 61
45 61
21 61
33 61
61 96
30 61
10 61
50 61
92 94
84 92
59 92
79 92
37 92
27 92
15 92
42 92
2 92
78 92
91 92
29 92
23 92
76 92
3 92
81 92
10 92
72 92
36 94
36 84
36 59
36 79
36 37
27 36
36 80
36 52
19 36
20 36
36 56
30 36
36 81
70 94
70 84
59 70
70 79
37 70
27 70
28 70
70 74
8 70
19 70
70 88
6 70
56 70
16 70
41 48
41 94
41 84
41 59
41 79
37 41
27 41
41 89
41 98
5 41
41 80
41 95
21 41
18 41
41 52
1 41
33 41
41 71
41 68
41 57
16 41
41 72
48 94
48 84
48 59
48 79
37 48
27 48
25 48
17 48
48 98
48 77
2 48
21 48
48 67
18 48
48 62
48 52
1 48
33 48
48 49
48 88
40 48
48 99
48 66
48 81
24 48
48 73
48 51
48 50
15 94
28 94
89 94
74 94
9 94
25 94
12 94
91 94
76 94
3 94
40 94
20 94
65 94
15 84
28 84
84 89
74 84
9 84
25 84
42 84
84 87
17 84
14 84
21 84
19 84
6 84
68 84
24 84
50 84
32 84
27 59
15 59
28 59
59 89
59 74
9 59
25 59
59 90
59 75
59 98
14 59
45 59
21 59
59 93
20 59
57 59
59 81
24 59
59 73
15 79
28 79
79 89
74 79
9 79
25 79
79 90
22 79
26 79
79 86
17 79
34 79
77 79
78 79
79 93
20 79
35 79
68 79
79 97
79 81
50 79
27 37
15 37
28 37
37 89
37 74
9 37
25 37
37 54
37 62
3 37
10 37
15 27
27 28
27 89
27 74
9 27
25 27
27 85
22 27
27 43
2 27
27 78
18 27
27 33
23 27
27 49
27 57
27 73
16 27
15 42
15 87
15 54
15 46
15 90
15 100
15 53
15 64
15 91
1 15
15 19
15 29
3 15
15 65
15 96
15 83
9 28
28 42
28 87
28 54
28 46
28 90
28 100
22 28
28 53
17 28
28 44
28 49
28 65
28 38
28 83
28 73
28 72
28 32
42 89
87 89
54 89
46 89
89 90
89 100
22 89
12 89
45 89
77 89
78 89
49 89
11 89
24 89
25 74
42 74
74 87
54 74
46 74
74 90
74 100
17 74
12 74
45 74
5 74
64 74
74 77
44 74
21 74
55 74
20 74
71 74
4 74
74 96
30 74
74 83
74 81
50 74
9 42
9 87
9 54
9 46
9 90
9 100
9 26
9 69
9 34
5 9
9 76
9 20
9 99
25 42
25 87
25 54
25 46
25 90
25 100
22 25
25 86
25 43
25 75
25 80
25 78
8 25
3 25
25 88
20 25
25 66
25 97
42 85
31 42
22 42
26 42
42 86
42 53
42 43
42 82
29 42
3 42
42 97
32 42
54 87
85 87
31 87
22 87
26 87
86 87
53 87
13 87
12 87
87 98
45 87
58 87
55 87
52 87
39 87
3 87
11 87
87 88
30 87
54 85
31 54
22 54
26 54
54 86
53 54
54 82
13 54
5 54
54 88
46 85
31 46
22 46
26 46
46 86
46 53
46 75
46 64
2 46
8 46
46 55
1 46
33 46
46 93
46 88
46 99
30 46
46 72
85 90
31 90
22 90
26 90
86 90
53 90
77 90
62 90
19 90
88 90
6 90
63 90
90 99
56 90
85 100
31 100
22 100
26 100
86 100
53 100
43 100
55 100
1 100
33 100
3 100
65 100
57 100
73 100
43 85
82 85
69 85
13 85
17 85
12 85
85 98
44 85
21 85
7 85
33 85
49 85
6 85
16 85
32 85
31 86
31 43
31 82
31 69
13 31
17 31
12 31
31 75
14 31
31 62
1 31
6 31
31 35
31 71
31 99
31 68
31 83
22 43
22 82
22 69
13 22
17 22
12 22
2 22
21 22
22 58
8 22
18 22
22 23
22 47
26 86
26 43
26 82
26 69
13 26
17 26
12 26
14 26
26 64
26 39
1 26
26 35
26 38
26 57
26 97
43 86
82 86
69 86
13 86
17 86
12 86
5 86
76 86
35 86
38 86
56 86
86 97
32 86
43 53
53 82
53 69
13 53
17 53
12 53
44 53
2 53
6 53
53 96
53 83
51 53
13 43
43 75
43 98
14 43
43 45
34 43
5 43
43 77
43 95
43 55
43 76
43 88
35 43
43 65
43 56
30 43
12 82
75 82
82 98
14 82
45 82
34 82
5 82
65 82
63 82
57 82
69 75
69 98
14 69
45 69
34 69
5 69
2 69
55 69
60 69
62 69
39 69
69 71
69 99
66 69
56 69
24 69
13 75
13 98
13 14
13 45
13 34
5 13
2 13
13 91
8 13
13 55
13 93
11 13
13 99
13 56
13 30
13 73
17 75
17 98
14 17
17 45
17 34
5 17
17 77
17 55
17 39
17 29
11 17
17 88
17 20
17 81
17 73
12 75
12 98
12 14
12 45
12 34
5 12
12 44
12 55
12 76
12 88
12 51
12 50
64 75
75 77
75 80
44 75
75 95
2 75
67 75
75 91
60 75
33 75
3 75
65 75
68 75
47 75
72 75
32 75
64 98
77 98
80 98
44 98
95 98
2 98
78 98
55 98
40 98
6 98
65 98
96 98
10 98
73 98
5 14
14 64
14 77
14 80
14 44
14 95
2 14
6 14
4 14
14 97
10 14
14 47
14 72
5 45
45 64
45 77
45 80
44 45
45 95
2 45
7 45
45 93
45 49
45 76
40 45
30 45
24 45
45 51
45 47
34 64
34 77
34 80
34 44
34 95
2 34
34 40
6 34
34 38
34 51
5 64
5 77
5 80
5 44
5 95
2 5
5 21
5 58
5 60
1 5
5 19
5 33
5 93
5 88
5 40
5 20
5 35
5 96
5 32
64 95
21 64
64 67
58 64
64 78
64 91
8 64
40 64
38 64
30 64
64 81
50 64
32 64
77 95
21 77
67 77
58 77
77 78
77 91
8 77
7 77
29 77
76 77
65 77
10 77
73 77
80 95
21 80
67 80
58 80
78 80
80 91
8 80
18 80
7 80
1 80
76 80
71 80
80 99
10 80
16 80
21 44
44 67
44 58
44 78
44 91
8 44
7 44
44 52
3 44
44 71
30 44
21 95
67 95
58 95
78 95
91 95
8 95
18 95
7 95
39 95
10 95
2 21
2 67
2 58
2 78
2 91
2 8
2 33
2 40
2 20
2 99
2 24
2 72
18 21
21 55
7 21
21 60
21 62
21 52
1 21
21 29
8 67
18 67
55 67
7 67
60 67
62 67
52 67
39 67
18 58
55 58
7 58
58 60
58 62
52 58
29 58
58 93
23 58
49 58
30 58
32 58
18 78
55 78
7 78
60 78
62 78
52 78
6 78
63 78
78 99
18 91
55 91
7 91
60 91
62 91
52 91
38 91
68 91
56 91
73 91
51 91
50 91
8 18
8 55
7 8
8 60
8 62
8 52
8 19
8 88
8 71
8 68
4 8
8 57
8 72
18 62
18 39
1 18
18 19
18 33
18 29
18 93
18 35
18 56
18 24
18 32
7 55
39 55
1 55
19 55
33 55
29 55
55 93
11 55
20 55
6 55
38 55
55 57
55 66
30 55
55 83
24 55
55 73
51 55
7 39
1 7
7 19
7 33
7 29
7 93
7 49
3 7
7 20
7 99
4 7
7 57
7 96
7 10
7 16
39 60
1 60
19 60
33 60
29 60
60 93
60 76
3 60
56 60
60 73
50 60
39 62
1 62
19 62
33 62
29 62
62 93
49 62
35 62
57 62
62 83
62 97
16 62
39 52
1 52
19 52
33 52
29 52
52 93
52 88
52 63
52 99
47 52
23 39
39 49
39 76
3 39
11 39
39 88
39 63
4 39
39 57
39 73
32 39
1 23
1 49
1 76
1 3
1 11
1 88
1 66
1 97
1 16
1 72
19 33
19 23
19 49
19 76
3 19
11 19
19 88
19 40
19 63
19 68
19 66
19 97
19 47
23 33
33 49
33 76
3 33
11 33
33 88
6 33
33 96
10 33
16 33
23 29
29 49
29 76
3 29
11 29
29 88
29 66
24 29
23 93
49 93
76 93
3 93
11 93
88 93
93 99
93 97
81 93
73 93
23 40
20 23
6 23
23 35
23 71
23 65
23 83
23 73
23 32
11 49
40 49
20 49
6 49
35 49
49 71
49 65
49 73
3 76
40 76
20 76
6 76
35 76
71 76
65 76
10 76
3 40
3 20
3 6
3 35
3 71
3 65
3 81
3 50
3 72
11 40
11 20
6 11
11 35
11 71
11 65
11 99
11 96
11 83
11 81
11 24
40 88
20 88
6 88
35 88
71 88
65 88
30 88
40 96
30 40
40 97
10 40
24 40
20 35
20 63
20 72
6 63
6 38
6 51
35 71
35 51
57 71
71 97
71 81
16 71
65 99
65 66
65 96
51 65
65 72
38 81
24 38
16 38
4 99
66 99
56 99
4 68
68 81
68 72
32 68
4 81
4 24
4 47
4 72
10 57
30 66
10 66
32 66
72 96
56 97
56 81
32 56
10 30
16 30
10 83
16 51
50 72
100 875
48 96
17 96
88 96
89 96
76 96
12 96
3 96
33 96
25 96
4 96
19 96
60 96
21 96
59 96
71 96
44 96
83 96
13 56
13 17
13 88
13 89
13 76
12 13
13 33
13 53
13 66
13 63
13 97
13 67
6 13
7 13
13 100
13 71
13 36
13 73
13 39
13 72
17 48
48 88
48 89
48 76
12 48
48 62
33 48
42 48
48 66
48 92
4 48
22 48
48 60
48 74
48 80
48 59
29 48
17 56
56 88
56 89
56 76
12 56
50 56
56 66
51 56
56 92
43 56
8 56
56 83
27 56
15 56
9 17
9 88
9 89
9 76
9 12
9 93
9 90
9 98
3 17
17 45
17 82
17 62
17 93
17 33
17 95
17 94
17 23
6 17
17 71
8 17
5 17
17 75
3 88
45 88
82 88
62 88
88 93
69 88
64 88
58 88
34 88
41 88
60 88
74 88
73 88
3 89
45 89
82 89
62 89
89 93
24 89
89 98
20 89
73 89
30 89
3 76
45 76
76 82
62 76
76 93
33 76
76 81
42 76
64 76
11 76
18 76
49 76
35 76
76 85
36 76
76 78
38 76
15 76
3 12
12 45
12 82
12 62
12 93
12 69
12 24
12 46
12 65
12 21
12 68
12 27
3 69
3 50
3 33
3 81
3 42
3 95
3 64
3 10
2 3
3 36
3 15
45 69
45 50
33 45
45 81
42 45
45 59
45 54
36 45
69 82
50 82
33 82
81 82
42 82
64 82
40 82
10 82
82 92
57 82
19 82
22 82
82 87
6 82
7 82
29 82
5 82
14 82
62 69
50 62
33 62
62 81
42 62
40 62
57 62
19 62
41 62
62 71
69 93
50 93
33 93
81 93
42 93
55 93
21 93
68 93
36 93
8 93
14 93
30 93
24 69
69 95
69 91
53 69
64 69
34 69
18 69
65 69
21 69
69 100
69 72
30 69
50 81
24 50
50 95
50 91
50 53
50 64
50 58
50 55
46 50
50 90
23 50
50 99
7 50
36 50
24 33
33 95
33 91
33 53
33 64
32 33
33 51
19 33
33 46
33 90
20 33
14 33
24 81
81 95
81 91
53 81
64 81
40 81
66 81
81 92
16 81
81 86
28 81
14 81
24 42
42 95
42 91
42 53
42 64
34 42
42 90
22 42
42 87
8 42
42 73
27 42
24 53
24 26
24 47
24 40
24 32
24 66
24 57
24 94
24 87
24 99
24 77
24 78
24 79
24 75
26 95
47 95
40 95
32 95
66 95
51 95
11 95
43 95
34 95
35 95
54 95
84 95
30 95
64 91
26 91
47 91
40 91
32 91
66 91
51 91
91 98
70 91
91 100
26 53
47 53
40 53
32 53
53 66
53 94
41 53
21 53
1 53
26 64
47 64
40 64
32 64
64 66
25 64
61 64
46 64
64 87
64 77
64 73
1 64
26 63
10 26
26 51
25 26
26 92
26 43
26 46
26 70
26 97
7 26
26 77
26 100
26 75
1 26
15 26
47 63
10 47
47 51
25 47
47 92
47 78
8 47
40 66
40 63
10 40
40 51
25 40
40 92
4 40
40 43
19 40
18 40
21 40
6 40
40 84
40 83
32 66
32 63
10 32
32 51
25 32
32 92
2 32
32 46
16 32
32 49
32 85
32 52
32 68
32 44
32 36
29 32
63 66
10 66
51 66
25 66
66 92
55 66
37 66
66 94
41 66
60 66
59 66
66 77
44 66
28 66
15 66
11 63
2 63
58 63
55 63
4 63
49 63
35 63
63 74
63 67
59 63
63 100
63 71
10 11
2 10
10 58
10 55
4 10
10 23
10 21
10 67
10 100
10 29
10 83
11 51
2 51
51 58
51 55
4 51
51 90
51 98
51 80
51 85
51 71
51 54
11 25
2 25
25 58
25 55
4 25
25 61
23 25
25 35
25 85
20 25
6 25
25 71
5 25
25 83
25 72
11 92
2 92
58 92
55 92
4 92
61 92
34 92
46 92
22 92
41 92
87 92
21 92
77 92
36 92
14 92
11 55
11 57
11 43
11 61
11 34
11 19
11 70
11 31
11 54
11 79
11 30
2 55
2 57
2 43
2 61
2 34
2 19
2 37
2 16
2 90
2 41
2 86
2 80
2 20
2 6
2 71
2 54
2 44
2 8
2 73
57 58
43 58
58 61
34 58
19 58
58 65
58 74
58 85
8 58
58 83
1 58
55 57
43 55
55 61
34 55
19 55
22 55
55 86
55 74
7 55
55 100
38 55
4 57
4 43
4 61
4 34
4 19
4 46
4 49
4 41
4 80
4 31
4 71
4 78
4 79
19 57
37 57
46 57
18 57
16 57
57 90
57 98
57 65
6 57
57 77
44 57
28 57
57 73
57 72
37 43
43 46
18 43
16 43
43 90
41 43
43 87
28 43
36 43
1 43
34 61
37 61
46 61
18 61
16 61
61 90
35 61
61 86
61 87
61 85
28 61
61 84
61 73
61 72
34 37
34 46
18 34
16 34
34 90
34 78
5 34
34 38
27 34
19 37
19 46
18 19
16 19
19 90
19 70
19 60
19 74
19 100
19 36
5 19
19 38
14 19
19 75
16 37
37 98
37 70
37 97
37 49
37 94
22 37
37 77
37 54
5 37
1 37
37 72
46 98
46 70
46 97
46 49
46 94
41 46
46 86
46 65
20 46
46 99
46 59
46 77
1 46
18 90
18 98
18 70
18 97
18 49
18 94
18 85
18 31
16 98
16 70
16 97
16 49
16 94
6 16
16 29
16 27
90 98
70 90
90 97
49 90
90 94
22 90
21 90
52 90
27 90
15 90
22 98
23 98
41 98
35 98
86 98
21 98
20 98
77 98
71 98
73 98
83 98
27 98
22 70
23 70
41 70
35 70
70 86
70 74
70 85
68 70
70 100
1 70
22 97
23 97
41 97
35 97
86 97
20 97
59 97
22 49
23 49
41 49
35 49
49 86
31 49
6 49
49 52
49 73
22 94
23 94
41 94
35 94
86 94
87 94
67 94
6 94
68 94
22 86
22 60
22 87
22 65
22 74
22 80
21 22
20 22
22 39
23 60
23 87
23 65
23 74
23 80
23 100
23 36
14 23
23 30
41 60
41 87
41 65
41 74
41 80
41 68
5 41
1 41
35 60
35 87
35 65
35 74
35 80
35 99
35 71
8 35
35 79
1 35
60 86
86 87
65 86
74 86
80 86
54 86
75 86
60 65
60 85
21 60
60 67
20 60
60 99
31 60
5 60
60 83
60 72
85 87
21 87
67 87
20 87
87 99
54 87
29 87
39 87
65 85
21 65
65 67
20 65
65 99
31 65
7 65
65 100
5 65
74 85
21 74
67 74
20 74
74 99
36 74
80 85
21 80
67 80
20 80
80 99
31 80
7 80
54 80
44 80
8 80
38 80
75 80
1 80
72 80
30 80
27 80
67 85
85 99
31 85
59 85
6 85
7 85
52 85
54 85
8 85
15 85
21 31
21 59
6 21
7 21
21 52
21 39
15 21
31 67
59 67
6 67
7 67
52 67
67 100
28 67
67 72
20 31
20 59
6 20
7 20
20 52
20 28
20 75
20 73
20 39
31 99
59 99
6 99
7 99
52 99
71 99
8 99
14 99
72 99
31 68
31 77
31 100
31 71
31 54
59 68
59 77
59 100
59 71
54 59
29 59
6 68
6 77
6 100
6 71
6 54
6 44
6 83
7 68
7 77
7 100
7 71
7 54
7 29
7 72
52 68
52 77
52 100
52 71
52 54
44 52
44 68
68 78
1 68
77 100
54 77
36 77
29 77
77 78
5 77
73 77
5 100
84 100
75 100
44 71
71 79
14 71
39 54
28 75
28 39
36 73
29 79
29 75
38 78
14 78
5 75
38 72
72 84
14 79
75 79
30 79
27 83
27 30
0 0
